45271.394842985566 
50471.073616822796 
42161.627949622365 
43298.99195024895 
41136.7183227436 
44319.684368158894 
49440.56081266381 
44305.17394378912 
42198.88256605234 
46419.010850730134 
45241.91633043012 
44214.322370587644 
44323.88376143768 
43167.55647465424 
46389.187281246835 
46375.92585657983 
43134.162397051055 
44408.20737105952 
42442.82926785229 
43169.87295750346 
46475.75818096243 
44428.70948823661 
42261.00216727043 
45359.53083038321 
42252.80408339121 
41266.88257620667 
46335.41074017412 
48531.811549105005 
43182.678010391 
47555.24564191707 
43338.124813581504 
