[PROBLEM DOMAIN VRP
,   instance 6 
,     RUN 0, 	329307.3057749738	0.074	1.297	0
][PROBLEM DOMAIN VRP
,   instance 6 
,     RUN 0, 	329307.3057749738	0.074	1.297	0
,     RUN 1, 	327074.98777025694	0.075	0.77	0
][PROBLEM DOMAIN VRP
,   instance 6 
,     RUN 0, 	329307.3057749738	0.074	1.297	0
,     RUN 1, 	327074.98777025694	0.075	0.77	0
,     RUN 2, 	327467.7074368659	0.075	18.324	763
][PROBLEM DOMAIN VRP
,   instance 6 
,     RUN 0, 	329307.3057749738	0.074	1.297	0
,     RUN 1, 	327074.98777025694	0.075	0.77	0
,     RUN 2, 	327467.7074368659	0.075	18.324	763
,     RUN 3, 	322071.5558256601	0.075	14.287	1065
][PROBLEM DOMAIN VRP
,   instance 6 
,     RUN 0, 	329307.3057749738	0.074	1.297	0
,     RUN 1, 	327074.98777025694	0.075	0.77	0
,     RUN 2, 	327467.7074368659	0.075	18.324	763
,     RUN 3, 	322071.5558256601	0.075	14.287	1065
,     RUN 4, 	333854.12267619034	0.075	13.496	1014
][PROBLEM DOMAIN VRP
,   instance 6 
,     RUN 0, 	329307.3057749738	0.074	1.297	0
,     RUN 1, 	327074.98777025694	0.075	0.77	0
,     RUN 2, 	327467.7074368659	0.075	18.324	763
,     RUN 3, 	322071.5558256601	0.075	14.287	1065
,     RUN 4, 	333854.12267619034	0.075	13.496	1014
,     RUN 5, 	328104.2988967053	0.076	7.862	964
][PROBLEM DOMAIN VRP
,   instance 6 
,     RUN 0, 	329307.3057749738	0.074	1.297	0
,     RUN 1, 	327074.98777025694	0.075	0.77	0
,     RUN 2, 	327467.7074368659	0.075	18.324	763
,     RUN 3, 	322071.5558256601	0.075	14.287	1065
,     RUN 4, 	333854.12267619034	0.075	13.496	1014
,     RUN 5, 	328104.2988967053	0.076	7.862	964
,     RUN 6, 	328671.4617076047	0.076	7.135	970
][PROBLEM DOMAIN VRP
,   instance 6 
,     RUN 0, 	329307.3057749738	0.074	1.297	0
,     RUN 1, 	327074.98777025694	0.075	0.77	0
,     RUN 2, 	327467.7074368659	0.075	18.324	763
,     RUN 3, 	322071.5558256601	0.075	14.287	1065
,     RUN 4, 	333854.12267619034	0.075	13.496	1014
,     RUN 5, 	328104.2988967053	0.076	7.862	964
,     RUN 6, 	328671.4617076047	0.076	7.135	970
,     RUN 7, 	327450.1779668707	0.076	14.97	1049
][PROBLEM DOMAIN VRP
,   instance 6 
,     RUN 0, 	329307.3057749738	0.074	1.297	0
,     RUN 1, 	327074.98777025694	0.075	0.77	0
,     RUN 2, 	327467.7074368659	0.075	18.324	763
,     RUN 3, 	322071.5558256601	0.075	14.287	1065
,     RUN 4, 	333854.12267619034	0.075	13.496	1014
,     RUN 5, 	328104.2988967053	0.076	7.862	964
,     RUN 6, 	328671.4617076047	0.076	7.135	970
,     RUN 7, 	327450.1779668707	0.076	14.97	1049
,     RUN 8, 	341221.3099905905	0.076	6.024	931
][PROBLEM DOMAIN VRP
,   instance 6 
,     RUN 0, 	329307.3057749738	0.074	1.297	0
,     RUN 1, 	327074.98777025694	0.075	0.77	0
,     RUN 2, 	327467.7074368659	0.075	18.324	763
,     RUN 3, 	322071.5558256601	0.075	14.287	1065
,     RUN 4, 	333854.12267619034	0.075	13.496	1014
,     RUN 5, 	328104.2988967053	0.076	7.862	964
,     RUN 6, 	328671.4617076047	0.076	7.135	970
,     RUN 7, 	327450.1779668707	0.076	14.97	1049
,     RUN 8, 	341221.3099905905	0.076	6.024	931
,     RUN 9, 	328551.78834773647	0.076	14.418	1051
][PROBLEM DOMAIN VRP
,   instance 6 
,     RUN 0, 	329307.3057749738	0.074	1.297	0
,     RUN 1, 	327074.98777025694	0.075	0.77	0
,     RUN 2, 	327467.7074368659	0.075	18.324	763
,     RUN 3, 	322071.5558256601	0.075	14.287	1065
,     RUN 4, 	333854.12267619034	0.075	13.496	1014
,     RUN 5, 	328104.2988967053	0.076	7.862	964
,     RUN 6, 	328671.4617076047	0.076	7.135	970
,     RUN 7, 	327450.1779668707	0.076	14.97	1049
,     RUN 8, 	341221.3099905905	0.076	6.024	931
,     RUN 9, 	328551.78834773647	0.076	14.418	1051
,     RUN 10, 	338755.50773743325	0.076	11.197	1098
][PROBLEM DOMAIN VRP
,   instance 6 
,     RUN 0, 	329307.3057749738	0.074	1.297	0
,     RUN 1, 	327074.98777025694	0.075	0.77	0
,     RUN 2, 	327467.7074368659	0.075	18.324	763
,     RUN 3, 	322071.5558256601	0.075	14.287	1065
,     RUN 4, 	333854.12267619034	0.075	13.496	1014
,     RUN 5, 	328104.2988967053	0.076	7.862	964
,     RUN 6, 	328671.4617076047	0.076	7.135	970
,     RUN 7, 	327450.1779668707	0.076	14.97	1049
,     RUN 8, 	341221.3099905905	0.076	6.024	931
,     RUN 9, 	328551.78834773647	0.076	14.418	1051
,     RUN 10, 	338755.50773743325	0.076	11.197	1098
,     RUN 11, 	333460.576913774	0.077	6.536	956
][PROBLEM DOMAIN VRP
,   instance 6 
,     RUN 0, 	329307.3057749738	0.074	1.297	0
,     RUN 1, 	327074.98777025694	0.075	0.77	0
,     RUN 2, 	327467.7074368659	0.075	18.324	763
,     RUN 3, 	322071.5558256601	0.075	14.287	1065
,     RUN 4, 	333854.12267619034	0.075	13.496	1014
,     RUN 5, 	328104.2988967053	0.076	7.862	964
,     RUN 6, 	328671.4617076047	0.076	7.135	970
,     RUN 7, 	327450.1779668707	0.076	14.97	1049
,     RUN 8, 	341221.3099905905	0.076	6.024	931
,     RUN 9, 	328551.78834773647	0.076	14.418	1051
,     RUN 10, 	338755.50773743325	0.076	11.197	1098
,     RUN 11, 	333460.576913774	0.077	6.536	956
,     RUN 12, 	327903.96573627205	0.077	12.612	1032
][PROBLEM DOMAIN VRP
,   instance 6 
,     RUN 0, 	329307.3057749738	0.074	1.297	0
,     RUN 1, 	327074.98777025694	0.075	0.77	0
,     RUN 2, 	327467.7074368659	0.075	18.324	763
,     RUN 3, 	322071.5558256601	0.075	14.287	1065
,     RUN 4, 	333854.12267619034	0.075	13.496	1014
,     RUN 5, 	328104.2988967053	0.076	7.862	964
,     RUN 6, 	328671.4617076047	0.076	7.135	970
,     RUN 7, 	327450.1779668707	0.076	14.97	1049
,     RUN 8, 	341221.3099905905	0.076	6.024	931
,     RUN 9, 	328551.78834773647	0.076	14.418	1051
,     RUN 10, 	338755.50773743325	0.076	11.197	1098
,     RUN 11, 	333460.576913774	0.077	6.536	956
,     RUN 12, 	327903.96573627205	0.077	12.612	1032
,     RUN 13, 	333877.5284843107	0.077	7.514	1153
][PROBLEM DOMAIN VRP
,   instance 6 
,     RUN 0, 	329307.3057749738	0.074	1.297	0
,     RUN 1, 	327074.98777025694	0.075	0.77	0
,     RUN 2, 	327467.7074368659	0.075	18.324	763
,     RUN 3, 	322071.5558256601	0.075	14.287	1065
,     RUN 4, 	333854.12267619034	0.075	13.496	1014
,     RUN 5, 	328104.2988967053	0.076	7.862	964
,     RUN 6, 	328671.4617076047	0.076	7.135	970
,     RUN 7, 	327450.1779668707	0.076	14.97	1049
,     RUN 8, 	341221.3099905905	0.076	6.024	931
,     RUN 9, 	328551.78834773647	0.076	14.418	1051
,     RUN 10, 	338755.50773743325	0.076	11.197	1098
,     RUN 11, 	333460.576913774	0.077	6.536	956
,     RUN 12, 	327903.96573627205	0.077	12.612	1032
,     RUN 13, 	333877.5284843107	0.077	7.514	1153
,     RUN 14, 	337873.60302037955	0.077	13.154	951
][PROBLEM DOMAIN VRP
,   instance 6 
,     RUN 0, 	329307.3057749738	0.074	1.297	0
,     RUN 1, 	327074.98777025694	0.075	0.77	0
,     RUN 2, 	327467.7074368659	0.075	18.324	763
,     RUN 3, 	322071.5558256601	0.075	14.287	1065
,     RUN 4, 	333854.12267619034	0.075	13.496	1014
,     RUN 5, 	328104.2988967053	0.076	7.862	964
,     RUN 6, 	328671.4617076047	0.076	7.135	970
,     RUN 7, 	327450.1779668707	0.076	14.97	1049
,     RUN 8, 	341221.3099905905	0.076	6.024	931
,     RUN 9, 	328551.78834773647	0.076	14.418	1051
,     RUN 10, 	338755.50773743325	0.076	11.197	1098
,     RUN 11, 	333460.576913774	0.077	6.536	956
,     RUN 12, 	327903.96573627205	0.077	12.612	1032
,     RUN 13, 	333877.5284843107	0.077	7.514	1153
,     RUN 14, 	337873.60302037955	0.077	13.154	951
,     RUN 15, 	328858.3169145597	0.078	9.548	1095
][PROBLEM DOMAIN VRP
,   instance 6 
,     RUN 0, 	329307.3057749738	0.074	1.297	0
,     RUN 1, 	327074.98777025694	0.075	0.77	0
,     RUN 2, 	327467.7074368659	0.075	18.324	763
,     RUN 3, 	322071.5558256601	0.075	14.287	1065
,     RUN 4, 	333854.12267619034	0.075	13.496	1014
,     RUN 5, 	328104.2988967053	0.076	7.862	964
,     RUN 6, 	328671.4617076047	0.076	7.135	970
,     RUN 7, 	327450.1779668707	0.076	14.97	1049
,     RUN 8, 	341221.3099905905	0.076	6.024	931
,     RUN 9, 	328551.78834773647	0.076	14.418	1051
,     RUN 10, 	338755.50773743325	0.076	11.197	1098
,     RUN 11, 	333460.576913774	0.077	6.536	956
,     RUN 12, 	327903.96573627205	0.077	12.612	1032
,     RUN 13, 	333877.5284843107	0.077	7.514	1153
,     RUN 14, 	337873.60302037955	0.077	13.154	951
,     RUN 15, 	328858.3169145597	0.078	9.548	1095
,     RUN 16, 	324656.5116442235	0.078	8.688	1066
][PROBLEM DOMAIN VRP
,   instance 6 
,     RUN 0, 	329307.3057749738	0.074	1.297	0
,     RUN 1, 	327074.98777025694	0.075	0.77	0
,     RUN 2, 	327467.7074368659	0.075	18.324	763
,     RUN 3, 	322071.5558256601	0.075	14.287	1065
,     RUN 4, 	333854.12267619034	0.075	13.496	1014
,     RUN 5, 	328104.2988967053	0.076	7.862	964
,     RUN 6, 	328671.4617076047	0.076	7.135	970
,     RUN 7, 	327450.1779668707	0.076	14.97	1049
,     RUN 8, 	341221.3099905905	0.076	6.024	931
,     RUN 9, 	328551.78834773647	0.076	14.418	1051
,     RUN 10, 	338755.50773743325	0.076	11.197	1098
,     RUN 11, 	333460.576913774	0.077	6.536	956
,     RUN 12, 	327903.96573627205	0.077	12.612	1032
,     RUN 13, 	333877.5284843107	0.077	7.514	1153
,     RUN 14, 	337873.60302037955	0.077	13.154	951
,     RUN 15, 	328858.3169145597	0.078	9.548	1095
,     RUN 16, 	324656.5116442235	0.078	8.688	1066
,     RUN 17, 	329167.91803970083	0.078	9.872	930
][PROBLEM DOMAIN VRP
,   instance 6 
,     RUN 0, 	329307.3057749738	0.074	1.297	0
,     RUN 1, 	327074.98777025694	0.075	0.77	0
,     RUN 2, 	327467.7074368659	0.075	18.324	763
,     RUN 3, 	322071.5558256601	0.075	14.287	1065
,     RUN 4, 	333854.12267619034	0.075	13.496	1014
,     RUN 5, 	328104.2988967053	0.076	7.862	964
,     RUN 6, 	328671.4617076047	0.076	7.135	970
,     RUN 7, 	327450.1779668707	0.076	14.97	1049
,     RUN 8, 	341221.3099905905	0.076	6.024	931
,     RUN 9, 	328551.78834773647	0.076	14.418	1051
,     RUN 10, 	338755.50773743325	0.076	11.197	1098
,     RUN 11, 	333460.576913774	0.077	6.536	956
,     RUN 12, 	327903.96573627205	0.077	12.612	1032
,     RUN 13, 	333877.5284843107	0.077	7.514	1153
,     RUN 14, 	337873.60302037955	0.077	13.154	951
,     RUN 15, 	328858.3169145597	0.078	9.548	1095
,     RUN 16, 	324656.5116442235	0.078	8.688	1066
,     RUN 17, 	329167.91803970083	0.078	9.872	930
,     RUN 18, 	341774.5572204669	0.078	14.408	1041
][PROBLEM DOMAIN VRP
,   instance 6 
,     RUN 0, 	329307.3057749738	0.074	1.297	0
,     RUN 1, 	327074.98777025694	0.075	0.77	0
,     RUN 2, 	327467.7074368659	0.075	18.324	763
,     RUN 3, 	322071.5558256601	0.075	14.287	1065
,     RUN 4, 	333854.12267619034	0.075	13.496	1014
,     RUN 5, 	328104.2988967053	0.076	7.862	964
,     RUN 6, 	328671.4617076047	0.076	7.135	970
,     RUN 7, 	327450.1779668707	0.076	14.97	1049
,     RUN 8, 	341221.3099905905	0.076	6.024	931
,     RUN 9, 	328551.78834773647	0.076	14.418	1051
,     RUN 10, 	338755.50773743325	0.076	11.197	1098
,     RUN 11, 	333460.576913774	0.077	6.536	956
,     RUN 12, 	327903.96573627205	0.077	12.612	1032
,     RUN 13, 	333877.5284843107	0.077	7.514	1153
,     RUN 14, 	337873.60302037955	0.077	13.154	951
,     RUN 15, 	328858.3169145597	0.078	9.548	1095
,     RUN 16, 	324656.5116442235	0.078	8.688	1066
,     RUN 17, 	329167.91803970083	0.078	9.872	930
,     RUN 18, 	341774.5572204669	0.078	14.408	1041
,     RUN 19, 	336118.2247838349	0.078	12.049	1069
][PROBLEM DOMAIN VRP
,   instance 6 
,     RUN 0, 	329307.3057749738	0.074	1.297	0
,     RUN 1, 	327074.98777025694	0.075	0.77	0
,     RUN 2, 	327467.7074368659	0.075	18.324	763
,     RUN 3, 	322071.5558256601	0.075	14.287	1065
,     RUN 4, 	333854.12267619034	0.075	13.496	1014
,     RUN 5, 	328104.2988967053	0.076	7.862	964
,     RUN 6, 	328671.4617076047	0.076	7.135	970
,     RUN 7, 	327450.1779668707	0.076	14.97	1049
,     RUN 8, 	341221.3099905905	0.076	6.024	931
,     RUN 9, 	328551.78834773647	0.076	14.418	1051
,     RUN 10, 	338755.50773743325	0.076	11.197	1098
,     RUN 11, 	333460.576913774	0.077	6.536	956
,     RUN 12, 	327903.96573627205	0.077	12.612	1032
,     RUN 13, 	333877.5284843107	0.077	7.514	1153
,     RUN 14, 	337873.60302037955	0.077	13.154	951
,     RUN 15, 	328858.3169145597	0.078	9.548	1095
,     RUN 16, 	324656.5116442235	0.078	8.688	1066
,     RUN 17, 	329167.91803970083	0.078	9.872	930
,     RUN 18, 	341774.5572204669	0.078	14.408	1041
,     RUN 19, 	336118.2247838349	0.078	12.049	1069
,     RUN 20, 	323302.32427194755	0.079	9.207	1038
][PROBLEM DOMAIN VRP
,   instance 6 
,     RUN 0, 	329307.3057749738	0.074	1.297	0
,     RUN 1, 	327074.98777025694	0.075	0.77	0
,     RUN 2, 	327467.7074368659	0.075	18.324	763
,     RUN 3, 	322071.5558256601	0.075	14.287	1065
,     RUN 4, 	333854.12267619034	0.075	13.496	1014
,     RUN 5, 	328104.2988967053	0.076	7.862	964
,     RUN 6, 	328671.4617076047	0.076	7.135	970
,     RUN 7, 	327450.1779668707	0.076	14.97	1049
,     RUN 8, 	341221.3099905905	0.076	6.024	931
,     RUN 9, 	328551.78834773647	0.076	14.418	1051
,     RUN 10, 	338755.50773743325	0.076	11.197	1098
,     RUN 11, 	333460.576913774	0.077	6.536	956
,     RUN 12, 	327903.96573627205	0.077	12.612	1032
,     RUN 13, 	333877.5284843107	0.077	7.514	1153
,     RUN 14, 	337873.60302037955	0.077	13.154	951
,     RUN 15, 	328858.3169145597	0.078	9.548	1095
,     RUN 16, 	324656.5116442235	0.078	8.688	1066
,     RUN 17, 	329167.91803970083	0.078	9.872	930
,     RUN 18, 	341774.5572204669	0.078	14.408	1041
,     RUN 19, 	336118.2247838349	0.078	12.049	1069
,     RUN 20, 	323302.32427194755	0.079	9.207	1038
,     RUN 21, 	340471.25636933214	0.079	8.546	1044
][PROBLEM DOMAIN VRP
,   instance 6 
,     RUN 0, 	329307.3057749738	0.074	1.297	0
,     RUN 1, 	327074.98777025694	0.075	0.77	0
,     RUN 2, 	327467.7074368659	0.075	18.324	763
,     RUN 3, 	322071.5558256601	0.075	14.287	1065
,     RUN 4, 	333854.12267619034	0.075	13.496	1014
,     RUN 5, 	328104.2988967053	0.076	7.862	964
,     RUN 6, 	328671.4617076047	0.076	7.135	970
,     RUN 7, 	327450.1779668707	0.076	14.97	1049
,     RUN 8, 	341221.3099905905	0.076	6.024	931
,     RUN 9, 	328551.78834773647	0.076	14.418	1051
,     RUN 10, 	338755.50773743325	0.076	11.197	1098
,     RUN 11, 	333460.576913774	0.077	6.536	956
,     RUN 12, 	327903.96573627205	0.077	12.612	1032
,     RUN 13, 	333877.5284843107	0.077	7.514	1153
,     RUN 14, 	337873.60302037955	0.077	13.154	951
,     RUN 15, 	328858.3169145597	0.078	9.548	1095
,     RUN 16, 	324656.5116442235	0.078	8.688	1066
,     RUN 17, 	329167.91803970083	0.078	9.872	930
,     RUN 18, 	341774.5572204669	0.078	14.408	1041
,     RUN 19, 	336118.2247838349	0.078	12.049	1069
,     RUN 20, 	323302.32427194755	0.079	9.207	1038
,     RUN 21, 	340471.25636933214	0.079	8.546	1044
,     RUN 22, 	314922.1437939864	0.079	8.425	1097
][PROBLEM DOMAIN VRP
,   instance 6 
,     RUN 0, 	329307.3057749738	0.074	1.297	0
,     RUN 1, 	327074.98777025694	0.075	0.77	0
,     RUN 2, 	327467.7074368659	0.075	18.324	763
,     RUN 3, 	322071.5558256601	0.075	14.287	1065
,     RUN 4, 	333854.12267619034	0.075	13.496	1014
,     RUN 5, 	328104.2988967053	0.076	7.862	964
,     RUN 6, 	328671.4617076047	0.076	7.135	970
,     RUN 7, 	327450.1779668707	0.076	14.97	1049
,     RUN 8, 	341221.3099905905	0.076	6.024	931
,     RUN 9, 	328551.78834773647	0.076	14.418	1051
,     RUN 10, 	338755.50773743325	0.076	11.197	1098
,     RUN 11, 	333460.576913774	0.077	6.536	956
,     RUN 12, 	327903.96573627205	0.077	12.612	1032
,     RUN 13, 	333877.5284843107	0.077	7.514	1153
,     RUN 14, 	337873.60302037955	0.077	13.154	951
,     RUN 15, 	328858.3169145597	0.078	9.548	1095
,     RUN 16, 	324656.5116442235	0.078	8.688	1066
,     RUN 17, 	329167.91803970083	0.078	9.872	930
,     RUN 18, 	341774.5572204669	0.078	14.408	1041
,     RUN 19, 	336118.2247838349	0.078	12.049	1069
,     RUN 20, 	323302.32427194755	0.079	9.207	1038
,     RUN 21, 	340471.25636933214	0.079	8.546	1044
,     RUN 22, 	314922.1437939864	0.079	8.425	1097
,     RUN 23, 	317963.15211339336	0.079	9.677	1069
][PROBLEM DOMAIN VRP
,   instance 6 
,     RUN 0, 	329307.3057749738	0.074	1.297	0
,     RUN 1, 	327074.98777025694	0.075	0.77	0
,     RUN 2, 	327467.7074368659	0.075	18.324	763
,     RUN 3, 	322071.5558256601	0.075	14.287	1065
,     RUN 4, 	333854.12267619034	0.075	13.496	1014
,     RUN 5, 	328104.2988967053	0.076	7.862	964
,     RUN 6, 	328671.4617076047	0.076	7.135	970
,     RUN 7, 	327450.1779668707	0.076	14.97	1049
,     RUN 8, 	341221.3099905905	0.076	6.024	931
,     RUN 9, 	328551.78834773647	0.076	14.418	1051
,     RUN 10, 	338755.50773743325	0.076	11.197	1098
,     RUN 11, 	333460.576913774	0.077	6.536	956
,     RUN 12, 	327903.96573627205	0.077	12.612	1032
,     RUN 13, 	333877.5284843107	0.077	7.514	1153
,     RUN 14, 	337873.60302037955	0.077	13.154	951
,     RUN 15, 	328858.3169145597	0.078	9.548	1095
,     RUN 16, 	324656.5116442235	0.078	8.688	1066
,     RUN 17, 	329167.91803970083	0.078	9.872	930
,     RUN 18, 	341774.5572204669	0.078	14.408	1041
,     RUN 19, 	336118.2247838349	0.078	12.049	1069
,     RUN 20, 	323302.32427194755	0.079	9.207	1038
,     RUN 21, 	340471.25636933214	0.079	8.546	1044
,     RUN 22, 	314922.1437939864	0.079	8.425	1097
,     RUN 23, 	317963.15211339336	0.079	9.677	1069
,     RUN 24, 	340829.0063860433	0.08	8.645	1036
][PROBLEM DOMAIN VRP
,   instance 6 
,     RUN 0, 	329307.3057749738	0.074	1.297	0
,     RUN 1, 	327074.98777025694	0.075	0.77	0
,     RUN 2, 	327467.7074368659	0.075	18.324	763
,     RUN 3, 	322071.5558256601	0.075	14.287	1065
,     RUN 4, 	333854.12267619034	0.075	13.496	1014
,     RUN 5, 	328104.2988967053	0.076	7.862	964
,     RUN 6, 	328671.4617076047	0.076	7.135	970
,     RUN 7, 	327450.1779668707	0.076	14.97	1049
,     RUN 8, 	341221.3099905905	0.076	6.024	931
,     RUN 9, 	328551.78834773647	0.076	14.418	1051
,     RUN 10, 	338755.50773743325	0.076	11.197	1098
,     RUN 11, 	333460.576913774	0.077	6.536	956
,     RUN 12, 	327903.96573627205	0.077	12.612	1032
,     RUN 13, 	333877.5284843107	0.077	7.514	1153
,     RUN 14, 	337873.60302037955	0.077	13.154	951
,     RUN 15, 	328858.3169145597	0.078	9.548	1095
,     RUN 16, 	324656.5116442235	0.078	8.688	1066
,     RUN 17, 	329167.91803970083	0.078	9.872	930
,     RUN 18, 	341774.5572204669	0.078	14.408	1041
,     RUN 19, 	336118.2247838349	0.078	12.049	1069
,     RUN 20, 	323302.32427194755	0.079	9.207	1038
,     RUN 21, 	340471.25636933214	0.079	8.546	1044
,     RUN 22, 	314922.1437939864	0.079	8.425	1097
,     RUN 23, 	317963.15211339336	0.079	9.677	1069
,     RUN 24, 	340829.0063860433	0.08	8.645	1036
,     RUN 25, 	327902.15352662106	0.08	7.485	1023
][PROBLEM DOMAIN VRP
,   instance 6 
,     RUN 0, 	329307.3057749738	0.074	1.297	0
,     RUN 1, 	327074.98777025694	0.075	0.77	0
,     RUN 2, 	327467.7074368659	0.075	18.324	763
,     RUN 3, 	322071.5558256601	0.075	14.287	1065
,     RUN 4, 	333854.12267619034	0.075	13.496	1014
,     RUN 5, 	328104.2988967053	0.076	7.862	964
,     RUN 6, 	328671.4617076047	0.076	7.135	970
,     RUN 7, 	327450.1779668707	0.076	14.97	1049
,     RUN 8, 	341221.3099905905	0.076	6.024	931
,     RUN 9, 	328551.78834773647	0.076	14.418	1051
,     RUN 10, 	338755.50773743325	0.076	11.197	1098
,     RUN 11, 	333460.576913774	0.077	6.536	956
,     RUN 12, 	327903.96573627205	0.077	12.612	1032
,     RUN 13, 	333877.5284843107	0.077	7.514	1153
,     RUN 14, 	337873.60302037955	0.077	13.154	951
,     RUN 15, 	328858.3169145597	0.078	9.548	1095
,     RUN 16, 	324656.5116442235	0.078	8.688	1066
,     RUN 17, 	329167.91803970083	0.078	9.872	930
,     RUN 18, 	341774.5572204669	0.078	14.408	1041
,     RUN 19, 	336118.2247838349	0.078	12.049	1069
,     RUN 20, 	323302.32427194755	0.079	9.207	1038
,     RUN 21, 	340471.25636933214	0.079	8.546	1044
,     RUN 22, 	314922.1437939864	0.079	8.425	1097
,     RUN 23, 	317963.15211339336	0.079	9.677	1069
,     RUN 24, 	340829.0063860433	0.08	8.645	1036
,     RUN 25, 	327902.15352662106	0.08	7.485	1023
,     RUN 26, 	333497.5021961265	0.08	8.167	1009
][PROBLEM DOMAIN VRP
,   instance 6 
,     RUN 0, 	329307.3057749738	0.074	1.297	0
,     RUN 1, 	327074.98777025694	0.075	0.77	0
,     RUN 2, 	327467.7074368659	0.075	18.324	763
,     RUN 3, 	322071.5558256601	0.075	14.287	1065
,     RUN 4, 	333854.12267619034	0.075	13.496	1014
,     RUN 5, 	328104.2988967053	0.076	7.862	964
,     RUN 6, 	328671.4617076047	0.076	7.135	970
,     RUN 7, 	327450.1779668707	0.076	14.97	1049
,     RUN 8, 	341221.3099905905	0.076	6.024	931
,     RUN 9, 	328551.78834773647	0.076	14.418	1051
,     RUN 10, 	338755.50773743325	0.076	11.197	1098
,     RUN 11, 	333460.576913774	0.077	6.536	956
,     RUN 12, 	327903.96573627205	0.077	12.612	1032
,     RUN 13, 	333877.5284843107	0.077	7.514	1153
,     RUN 14, 	337873.60302037955	0.077	13.154	951
,     RUN 15, 	328858.3169145597	0.078	9.548	1095
,     RUN 16, 	324656.5116442235	0.078	8.688	1066
,     RUN 17, 	329167.91803970083	0.078	9.872	930
,     RUN 18, 	341774.5572204669	0.078	14.408	1041
,     RUN 19, 	336118.2247838349	0.078	12.049	1069
,     RUN 20, 	323302.32427194755	0.079	9.207	1038
,     RUN 21, 	340471.25636933214	0.079	8.546	1044
,     RUN 22, 	314922.1437939864	0.079	8.425	1097
,     RUN 23, 	317963.15211339336	0.079	9.677	1069
,     RUN 24, 	340829.0063860433	0.08	8.645	1036
,     RUN 25, 	327902.15352662106	0.08	7.485	1023
,     RUN 26, 	333497.5021961265	0.08	8.167	1009
,     RUN 27, 	319258.7301600263	0.08	8.424	1077
][PROBLEM DOMAIN VRP
,   instance 6 
,     RUN 0, 	329307.3057749738	0.074	1.297	0
,     RUN 1, 	327074.98777025694	0.075	0.77	0
,     RUN 2, 	327467.7074368659	0.075	18.324	763
,     RUN 3, 	322071.5558256601	0.075	14.287	1065
,     RUN 4, 	333854.12267619034	0.075	13.496	1014
,     RUN 5, 	328104.2988967053	0.076	7.862	964
,     RUN 6, 	328671.4617076047	0.076	7.135	970
,     RUN 7, 	327450.1779668707	0.076	14.97	1049
,     RUN 8, 	341221.3099905905	0.076	6.024	931
,     RUN 9, 	328551.78834773647	0.076	14.418	1051
,     RUN 10, 	338755.50773743325	0.076	11.197	1098
,     RUN 11, 	333460.576913774	0.077	6.536	956
,     RUN 12, 	327903.96573627205	0.077	12.612	1032
,     RUN 13, 	333877.5284843107	0.077	7.514	1153
,     RUN 14, 	337873.60302037955	0.077	13.154	951
,     RUN 15, 	328858.3169145597	0.078	9.548	1095
,     RUN 16, 	324656.5116442235	0.078	8.688	1066
,     RUN 17, 	329167.91803970083	0.078	9.872	930
,     RUN 18, 	341774.5572204669	0.078	14.408	1041
,     RUN 19, 	336118.2247838349	0.078	12.049	1069
,     RUN 20, 	323302.32427194755	0.079	9.207	1038
,     RUN 21, 	340471.25636933214	0.079	8.546	1044
,     RUN 22, 	314922.1437939864	0.079	8.425	1097
,     RUN 23, 	317963.15211339336	0.079	9.677	1069
,     RUN 24, 	340829.0063860433	0.08	8.645	1036
,     RUN 25, 	327902.15352662106	0.08	7.485	1023
,     RUN 26, 	333497.5021961265	0.08	8.167	1009
,     RUN 27, 	319258.7301600263	0.08	8.424	1077
,     RUN 28, 	331257.80162217864	0.08	7.641	1024
][PROBLEM DOMAIN VRP
,   instance 6 
,     RUN 0, 	329307.3057749738	0.074	1.297	0
,     RUN 1, 	327074.98777025694	0.075	0.77	0
,     RUN 2, 	327467.7074368659	0.075	18.324	763
,     RUN 3, 	322071.5558256601	0.075	14.287	1065
,     RUN 4, 	333854.12267619034	0.075	13.496	1014
,     RUN 5, 	328104.2988967053	0.076	7.862	964
,     RUN 6, 	328671.4617076047	0.076	7.135	970
,     RUN 7, 	327450.1779668707	0.076	14.97	1049
,     RUN 8, 	341221.3099905905	0.076	6.024	931
,     RUN 9, 	328551.78834773647	0.076	14.418	1051
,     RUN 10, 	338755.50773743325	0.076	11.197	1098
,     RUN 11, 	333460.576913774	0.077	6.536	956
,     RUN 12, 	327903.96573627205	0.077	12.612	1032
,     RUN 13, 	333877.5284843107	0.077	7.514	1153
,     RUN 14, 	337873.60302037955	0.077	13.154	951
,     RUN 15, 	328858.3169145597	0.078	9.548	1095
,     RUN 16, 	324656.5116442235	0.078	8.688	1066
,     RUN 17, 	329167.91803970083	0.078	9.872	930
,     RUN 18, 	341774.5572204669	0.078	14.408	1041
,     RUN 19, 	336118.2247838349	0.078	12.049	1069
,     RUN 20, 	323302.32427194755	0.079	9.207	1038
,     RUN 21, 	340471.25636933214	0.079	8.546	1044
,     RUN 22, 	314922.1437939864	0.079	8.425	1097
,     RUN 23, 	317963.15211339336	0.079	9.677	1069
,     RUN 24, 	340829.0063860433	0.08	8.645	1036
,     RUN 25, 	327902.15352662106	0.08	7.485	1023
,     RUN 26, 	333497.5021961265	0.08	8.167	1009
,     RUN 27, 	319258.7301600263	0.08	8.424	1077
,     RUN 28, 	331257.80162217864	0.08	7.641	1024
,     RUN 29, 	325308.35839832714	0.081	6.979	1087
][PROBLEM DOMAIN VRP
,   instance 6 
,     RUN 0, 	329307.3057749738	0.074	1.297	0
,     RUN 1, 	327074.98777025694	0.075	0.77	0
,     RUN 2, 	327467.7074368659	0.075	18.324	763
,     RUN 3, 	322071.5558256601	0.075	14.287	1065
,     RUN 4, 	333854.12267619034	0.075	13.496	1014
,     RUN 5, 	328104.2988967053	0.076	7.862	964
,     RUN 6, 	328671.4617076047	0.076	7.135	970
,     RUN 7, 	327450.1779668707	0.076	14.97	1049
,     RUN 8, 	341221.3099905905	0.076	6.024	931
,     RUN 9, 	328551.78834773647	0.076	14.418	1051
,     RUN 10, 	338755.50773743325	0.076	11.197	1098
,     RUN 11, 	333460.576913774	0.077	6.536	956
,     RUN 12, 	327903.96573627205	0.077	12.612	1032
,     RUN 13, 	333877.5284843107	0.077	7.514	1153
,     RUN 14, 	337873.60302037955	0.077	13.154	951
,     RUN 15, 	328858.3169145597	0.078	9.548	1095
,     RUN 16, 	324656.5116442235	0.078	8.688	1066
,     RUN 17, 	329167.91803970083	0.078	9.872	930
,     RUN 18, 	341774.5572204669	0.078	14.408	1041
,     RUN 19, 	336118.2247838349	0.078	12.049	1069
,     RUN 20, 	323302.32427194755	0.079	9.207	1038
,     RUN 21, 	340471.25636933214	0.079	8.546	1044
,     RUN 22, 	314922.1437939864	0.079	8.425	1097
,     RUN 23, 	317963.15211339336	0.079	9.677	1069
,     RUN 24, 	340829.0063860433	0.08	8.645	1036
,     RUN 25, 	327902.15352662106	0.08	7.485	1023
,     RUN 26, 	333497.5021961265	0.08	8.167	1009
,     RUN 27, 	319258.7301600263	0.08	8.424	1077
,     RUN 28, 	331257.80162217864	0.08	7.641	1024
,     RUN 29, 	325308.35839832714	0.081	6.979	1087
,     RUN 30, 	323175.1637653066	0.081	6.917	1089
]