(0,0.1720092351746414 )
(1,0.22827411458135435 )
(2,0.2598164508107516 )
(3,0.2695748560021816 )
(4,0.2813380513609234 )
(5,0.30563668282185963 )
(6,0.3275982788561947 )
(7,0.33439596636803476 )
(8,0.3511874210524675 )
(9,0.3501013453703306 )
(10,0.3646729305581925 )
(11,0.38412688457908883 )
(12,0.3240496684890505 )
(13,0.3371717651660749 )
(14,0.3784134202171267 )
(15,0.4178680234432069 )
(16,0.4110946823320159 )
(17,0.44229304922064017 )
(18,0.4527064143366971 )
(19,0.410346486447574 )
(20,0.45526793137752586 )
(21,0.3984897698564815 )
(22,0.45859274042686204 )
(23,0.4550616981965662 )
(24,0.4684706097241164 )
(25,0.43199697096366557 )
(26,0.4675557471530718 )
(27,0.4769742830535652 )
(28,0.4708552489100829 )
(29,0.4443600245599349 )
(30,0.4528749552127181 )
(31,0.431982295129391 )
(32,0.47809286463876055 )
(33,0.47424643321872717 )
(34,0.4808699812420769 )
(35,0.48791072881621295 )
(36,0.4644563660055484 )
(37,0.48875317042938127 )
(38,0.4754087950501023 )
(39,0.4863014985104761 )
(40,0.44721391675442995 )
(41,0.4605080061387104 )
(42,0.4805316279651172 )
(43,0.46503345891961617 )
(44,0.44471870033420474 )
(45,0.4585329287540254 )
(46,0.4647678674148425 )
(47,0.4929385786376247 )
(48,0.48980777548675863 )
(49,0.45179775018853 )
(50,0.47034410061340026 )
(51,0.4634821628146253 )
(52,0.4893602666417894 )
(53,0.48879856654320764 )
(54,0.4770386129987109 )
(55,0.4510476389457079 )
(56,0.4854322077679282 )
(57,0.47674788486645864 )
(58,0.48294279212821567 )
(59,0.4740795420207156 )
(60,0.46546546315141285 )
(61,0.4692071530383252 )
(62,0.48420028639710283 )
(63,0.49260994731864777 )
(64,0.4819016411804831 )
(65,0.49432755563455083 )
(66,0.48831457920891264 )
(67,0.49220082474127874 )
(68,0.47952326320035765 )
(69,0.4862466024884558 )
(70,0.47345486459775393 )
(71,0.4938709459837964 )
(72,0.45973910721005834 )
(73,0.4833415778279418 )
(74,0.48830749224691905 )
(75,0.48139967750790535 )
(76,0.4928672476242067 )
(77,0.48894953753675485 )
(78,0.477832584576695 )
(79,0.47393054525311207 )
(80,0.4611256647471626 )
(81,0.4877673688421303 )
(82,0.48668456474301475 )
(83,0.4978151894055181 )
(84,0.489637828636316 )
(85,0.497389539557108 )
(86,0.47179599282805157 )
(87,0.46698047035273477 )
(88,0.4660732331619189 )
(89,0.49297040452169755 )
(90,0.4811752251850691 )
(91,0.4724037548034369 )
(92,0.4949612856678532 )
(93,0.5004553340718693 )
(94,0.45136577553634605 )
(95,0.480487351538623 )
(96,0.4918244219391049 )
(97,0.48511625417198345 )
(98,0.48597528362491393 )
(99,0.4892341187324779)