[PROBLEM DOMAIN SAT
,   instance 4 
,     RUN 0, 	302.0	0.069	0.375	7
][PROBLEM DOMAIN SAT
,   instance 4 
,     RUN 0, 	302.0	0.069	0.375	7
,     RUN 1, 	275.0	0.07	0.601	7
][PROBLEM DOMAIN SAT
,   instance 4 
,     RUN 0, 	302.0	0.069	0.375	7
,     RUN 1, 	275.0	0.07	0.601	7
,     RUN 2, 	285.0	0.071	0.372	7
][PROBLEM DOMAIN SAT
,   instance 4 
,     RUN 0, 	302.0	0.069	0.375	7
,     RUN 1, 	275.0	0.07	0.601	7
,     RUN 2, 	285.0	0.071	0.372	7
,     RUN 3, 	286.0	0.071	3.938	7
][PROBLEM DOMAIN SAT
,   instance 4 
,     RUN 0, 	302.0	0.069	0.375	7
,     RUN 1, 	275.0	0.07	0.601	7
,     RUN 2, 	285.0	0.071	0.372	7
,     RUN 3, 	286.0	0.071	3.938	7
,     RUN 4, 	285.0	0.071	6.779	7
][PROBLEM DOMAIN SAT
,   instance 4 
,     RUN 0, 	302.0	0.069	0.375	7
,     RUN 1, 	275.0	0.07	0.601	7
,     RUN 2, 	285.0	0.071	0.372	7
,     RUN 3, 	286.0	0.071	3.938	7
,     RUN 4, 	285.0	0.071	6.779	7
,     RUN 5, 	269.0	0.072	5.853	7
][PROBLEM DOMAIN SAT
,   instance 4 
,     RUN 0, 	302.0	0.069	0.375	7
,     RUN 1, 	275.0	0.07	0.601	7
,     RUN 2, 	285.0	0.071	0.372	7
,     RUN 3, 	286.0	0.071	3.938	7
,     RUN 4, 	285.0	0.071	6.779	7
,     RUN 5, 	269.0	0.072	5.853	7
,     RUN 6, 	300.0	0.072	3.357	8
][PROBLEM DOMAIN SAT
,   instance 4 
,     RUN 0, 	302.0	0.069	0.375	7
,     RUN 1, 	275.0	0.07	0.601	7
,     RUN 2, 	285.0	0.071	0.372	7
,     RUN 3, 	286.0	0.071	3.938	7
,     RUN 4, 	285.0	0.071	6.779	7
,     RUN 5, 	269.0	0.072	5.853	7
,     RUN 6, 	300.0	0.072	3.357	8
,     RUN 7, 	324.0	0.072	5.639	7
][PROBLEM DOMAIN SAT
,   instance 4 
,     RUN 0, 	302.0	0.069	0.375	7
,     RUN 1, 	275.0	0.07	0.601	7
,     RUN 2, 	285.0	0.071	0.372	7
,     RUN 3, 	286.0	0.071	3.938	7
,     RUN 4, 	285.0	0.071	6.779	7
,     RUN 5, 	269.0	0.072	5.853	7
,     RUN 6, 	300.0	0.072	3.357	8
,     RUN 7, 	324.0	0.072	5.639	7
,     RUN 8, 	327.0	0.072	6.001	6
][PROBLEM DOMAIN SAT
,   instance 4 
,     RUN 0, 	302.0	0.069	0.375	7
,     RUN 1, 	275.0	0.07	0.601	7
,     RUN 2, 	285.0	0.071	0.372	7
,     RUN 3, 	286.0	0.071	3.938	7
,     RUN 4, 	285.0	0.071	6.779	7
,     RUN 5, 	269.0	0.072	5.853	7
,     RUN 6, 	300.0	0.072	3.357	8
,     RUN 7, 	324.0	0.072	5.639	7
,     RUN 8, 	327.0	0.072	6.001	6
,     RUN 9, 	295.0	0.072	5.402	7
][PROBLEM DOMAIN SAT
,   instance 4 
,     RUN 0, 	302.0	0.069	0.375	7
,     RUN 1, 	275.0	0.07	0.601	7
,     RUN 2, 	285.0	0.071	0.372	7
,     RUN 3, 	286.0	0.071	3.938	7
,     RUN 4, 	285.0	0.071	6.779	7
,     RUN 5, 	269.0	0.072	5.853	7
,     RUN 6, 	300.0	0.072	3.357	8
,     RUN 7, 	324.0	0.072	5.639	7
,     RUN 8, 	327.0	0.072	6.001	6
,     RUN 9, 	295.0	0.072	5.402	7
,     RUN 10, 	324.0	0.073	4.106	6
][PROBLEM DOMAIN SAT
,   instance 4 
,     RUN 0, 	302.0	0.069	0.375	7
,     RUN 1, 	275.0	0.07	0.601	7
,     RUN 2, 	285.0	0.071	0.372	7
,     RUN 3, 	286.0	0.071	3.938	7
,     RUN 4, 	285.0	0.071	6.779	7
,     RUN 5, 	269.0	0.072	5.853	7
,     RUN 6, 	300.0	0.072	3.357	8
,     RUN 7, 	324.0	0.072	5.639	7
,     RUN 8, 	327.0	0.072	6.001	6
,     RUN 9, 	295.0	0.072	5.402	7
,     RUN 10, 	324.0	0.073	4.106	6
,     RUN 11, 	303.0	0.073	3.977	7
][PROBLEM DOMAIN SAT
,   instance 4 
,     RUN 0, 	302.0	0.069	0.375	7
,     RUN 1, 	275.0	0.07	0.601	7
,     RUN 2, 	285.0	0.071	0.372	7
,     RUN 3, 	286.0	0.071	3.938	7
,     RUN 4, 	285.0	0.071	6.779	7
,     RUN 5, 	269.0	0.072	5.853	7
,     RUN 6, 	300.0	0.072	3.357	8
,     RUN 7, 	324.0	0.072	5.639	7
,     RUN 8, 	327.0	0.072	6.001	6
,     RUN 9, 	295.0	0.072	5.402	7
,     RUN 10, 	324.0	0.073	4.106	6
,     RUN 11, 	303.0	0.073	3.977	7
,     RUN 12, 	307.0	0.073	3.939	6
][PROBLEM DOMAIN SAT
,   instance 4 
,     RUN 0, 	302.0	0.069	0.375	7
,     RUN 1, 	275.0	0.07	0.601	7
,     RUN 2, 	285.0	0.071	0.372	7
,     RUN 3, 	286.0	0.071	3.938	7
,     RUN 4, 	285.0	0.071	6.779	7
,     RUN 5, 	269.0	0.072	5.853	7
,     RUN 6, 	300.0	0.072	3.357	8
,     RUN 7, 	324.0	0.072	5.639	7
,     RUN 8, 	327.0	0.072	6.001	6
,     RUN 9, 	295.0	0.072	5.402	7
,     RUN 10, 	324.0	0.073	4.106	6
,     RUN 11, 	303.0	0.073	3.977	7
,     RUN 12, 	307.0	0.073	3.939	6
,     RUN 13, 	292.0	0.073	6.065	6
][PROBLEM DOMAIN SAT
,   instance 4 
,     RUN 0, 	302.0	0.069	0.375	7
,     RUN 1, 	275.0	0.07	0.601	7
,     RUN 2, 	285.0	0.071	0.372	7
,     RUN 3, 	286.0	0.071	3.938	7
,     RUN 4, 	285.0	0.071	6.779	7
,     RUN 5, 	269.0	0.072	5.853	7
,     RUN 6, 	300.0	0.072	3.357	8
,     RUN 7, 	324.0	0.072	5.639	7
,     RUN 8, 	327.0	0.072	6.001	6
,     RUN 9, 	295.0	0.072	5.402	7
,     RUN 10, 	324.0	0.073	4.106	6
,     RUN 11, 	303.0	0.073	3.977	7
,     RUN 12, 	307.0	0.073	3.939	6
,     RUN 13, 	292.0	0.073	6.065	6
,     RUN 14, 	288.0	0.074	4.279	7
][PROBLEM DOMAIN SAT
,   instance 4 
,     RUN 0, 	302.0	0.069	0.375	7
,     RUN 1, 	275.0	0.07	0.601	7
,     RUN 2, 	285.0	0.071	0.372	7
,     RUN 3, 	286.0	0.071	3.938	7
,     RUN 4, 	285.0	0.071	6.779	7
,     RUN 5, 	269.0	0.072	5.853	7
,     RUN 6, 	300.0	0.072	3.357	8
,     RUN 7, 	324.0	0.072	5.639	7
,     RUN 8, 	327.0	0.072	6.001	6
,     RUN 9, 	295.0	0.072	5.402	7
,     RUN 10, 	324.0	0.073	4.106	6
,     RUN 11, 	303.0	0.073	3.977	7
,     RUN 12, 	307.0	0.073	3.939	6
,     RUN 13, 	292.0	0.073	6.065	6
,     RUN 14, 	288.0	0.074	4.279	7
,     RUN 15, 	307.0	0.074	2.148	7
][PROBLEM DOMAIN SAT
,   instance 4 
,     RUN 0, 	302.0	0.069	0.375	7
,     RUN 1, 	275.0	0.07	0.601	7
,     RUN 2, 	285.0	0.071	0.372	7
,     RUN 3, 	286.0	0.071	3.938	7
,     RUN 4, 	285.0	0.071	6.779	7
,     RUN 5, 	269.0	0.072	5.853	7
,     RUN 6, 	300.0	0.072	3.357	8
,     RUN 7, 	324.0	0.072	5.639	7
,     RUN 8, 	327.0	0.072	6.001	6
,     RUN 9, 	295.0	0.072	5.402	7
,     RUN 10, 	324.0	0.073	4.106	6
,     RUN 11, 	303.0	0.073	3.977	7
,     RUN 12, 	307.0	0.073	3.939	6
,     RUN 13, 	292.0	0.073	6.065	6
,     RUN 14, 	288.0	0.074	4.279	7
,     RUN 15, 	307.0	0.074	2.148	7
,     RUN 16, 	303.0	0.074	1.724	7
][PROBLEM DOMAIN SAT
,   instance 4 
,     RUN 0, 	302.0	0.069	0.375	7
,     RUN 1, 	275.0	0.07	0.601	7
,     RUN 2, 	285.0	0.071	0.372	7
,     RUN 3, 	286.0	0.071	3.938	7
,     RUN 4, 	285.0	0.071	6.779	7
,     RUN 5, 	269.0	0.072	5.853	7
,     RUN 6, 	300.0	0.072	3.357	8
,     RUN 7, 	324.0	0.072	5.639	7
,     RUN 8, 	327.0	0.072	6.001	6
,     RUN 9, 	295.0	0.072	5.402	7
,     RUN 10, 	324.0	0.073	4.106	6
,     RUN 11, 	303.0	0.073	3.977	7
,     RUN 12, 	307.0	0.073	3.939	6
,     RUN 13, 	292.0	0.073	6.065	6
,     RUN 14, 	288.0	0.074	4.279	7
,     RUN 15, 	307.0	0.074	2.148	7
,     RUN 16, 	303.0	0.074	1.724	7
,     RUN 17, 	282.0	0.074	4.871	7
][PROBLEM DOMAIN SAT
,   instance 4 
,     RUN 0, 	302.0	0.069	0.375	7
,     RUN 1, 	275.0	0.07	0.601	7
,     RUN 2, 	285.0	0.071	0.372	7
,     RUN 3, 	286.0	0.071	3.938	7
,     RUN 4, 	285.0	0.071	6.779	7
,     RUN 5, 	269.0	0.072	5.853	7
,     RUN 6, 	300.0	0.072	3.357	8
,     RUN 7, 	324.0	0.072	5.639	7
,     RUN 8, 	327.0	0.072	6.001	6
,     RUN 9, 	295.0	0.072	5.402	7
,     RUN 10, 	324.0	0.073	4.106	6
,     RUN 11, 	303.0	0.073	3.977	7
,     RUN 12, 	307.0	0.073	3.939	6
,     RUN 13, 	292.0	0.073	6.065	6
,     RUN 14, 	288.0	0.074	4.279	7
,     RUN 15, 	307.0	0.074	2.148	7
,     RUN 16, 	303.0	0.074	1.724	7
,     RUN 17, 	282.0	0.074	4.871	7
,     RUN 18, 	320.0	0.074	2.938	6
][PROBLEM DOMAIN SAT
,   instance 4 
,     RUN 0, 	302.0	0.069	0.375	7
,     RUN 1, 	275.0	0.07	0.601	7
,     RUN 2, 	285.0	0.071	0.372	7
,     RUN 3, 	286.0	0.071	3.938	7
,     RUN 4, 	285.0	0.071	6.779	7
,     RUN 5, 	269.0	0.072	5.853	7
,     RUN 6, 	300.0	0.072	3.357	8
,     RUN 7, 	324.0	0.072	5.639	7
,     RUN 8, 	327.0	0.072	6.001	6
,     RUN 9, 	295.0	0.072	5.402	7
,     RUN 10, 	324.0	0.073	4.106	6
,     RUN 11, 	303.0	0.073	3.977	7
,     RUN 12, 	307.0	0.073	3.939	6
,     RUN 13, 	292.0	0.073	6.065	6
,     RUN 14, 	288.0	0.074	4.279	7
,     RUN 15, 	307.0	0.074	2.148	7
,     RUN 16, 	303.0	0.074	1.724	7
,     RUN 17, 	282.0	0.074	4.871	7
,     RUN 18, 	320.0	0.074	2.938	6
,     RUN 19, 	309.0	0.075	3.102	7
][PROBLEM DOMAIN SAT
,   instance 4 
,     RUN 0, 	302.0	0.069	0.375	7
,     RUN 1, 	275.0	0.07	0.601	7
,     RUN 2, 	285.0	0.071	0.372	7
,     RUN 3, 	286.0	0.071	3.938	7
,     RUN 4, 	285.0	0.071	6.779	7
,     RUN 5, 	269.0	0.072	5.853	7
,     RUN 6, 	300.0	0.072	3.357	8
,     RUN 7, 	324.0	0.072	5.639	7
,     RUN 8, 	327.0	0.072	6.001	6
,     RUN 9, 	295.0	0.072	5.402	7
,     RUN 10, 	324.0	0.073	4.106	6
,     RUN 11, 	303.0	0.073	3.977	7
,     RUN 12, 	307.0	0.073	3.939	6
,     RUN 13, 	292.0	0.073	6.065	6
,     RUN 14, 	288.0	0.074	4.279	7
,     RUN 15, 	307.0	0.074	2.148	7
,     RUN 16, 	303.0	0.074	1.724	7
,     RUN 17, 	282.0	0.074	4.871	7
,     RUN 18, 	320.0	0.074	2.938	6
,     RUN 19, 	309.0	0.075	3.102	7
,     RUN 20, 	249.0	0.075	3.378	8
][PROBLEM DOMAIN SAT
,   instance 4 
,     RUN 0, 	302.0	0.069	0.375	7
,     RUN 1, 	275.0	0.07	0.601	7
,     RUN 2, 	285.0	0.071	0.372	7
,     RUN 3, 	286.0	0.071	3.938	7
,     RUN 4, 	285.0	0.071	6.779	7
,     RUN 5, 	269.0	0.072	5.853	7
,     RUN 6, 	300.0	0.072	3.357	8
,     RUN 7, 	324.0	0.072	5.639	7
,     RUN 8, 	327.0	0.072	6.001	6
,     RUN 9, 	295.0	0.072	5.402	7
,     RUN 10, 	324.0	0.073	4.106	6
,     RUN 11, 	303.0	0.073	3.977	7
,     RUN 12, 	307.0	0.073	3.939	6
,     RUN 13, 	292.0	0.073	6.065	6
,     RUN 14, 	288.0	0.074	4.279	7
,     RUN 15, 	307.0	0.074	2.148	7
,     RUN 16, 	303.0	0.074	1.724	7
,     RUN 17, 	282.0	0.074	4.871	7
,     RUN 18, 	320.0	0.074	2.938	6
,     RUN 19, 	309.0	0.075	3.102	7
,     RUN 20, 	249.0	0.075	3.378	8
,     RUN 21, 	284.0	0.075	1.808	7
][PROBLEM DOMAIN SAT
,   instance 4 
,     RUN 0, 	302.0	0.069	0.375	7
,     RUN 1, 	275.0	0.07	0.601	7
,     RUN 2, 	285.0	0.071	0.372	7
,     RUN 3, 	286.0	0.071	3.938	7
,     RUN 4, 	285.0	0.071	6.779	7
,     RUN 5, 	269.0	0.072	5.853	7
,     RUN 6, 	300.0	0.072	3.357	8
,     RUN 7, 	324.0	0.072	5.639	7
,     RUN 8, 	327.0	0.072	6.001	6
,     RUN 9, 	295.0	0.072	5.402	7
,     RUN 10, 	324.0	0.073	4.106	6
,     RUN 11, 	303.0	0.073	3.977	7
,     RUN 12, 	307.0	0.073	3.939	6
,     RUN 13, 	292.0	0.073	6.065	6
,     RUN 14, 	288.0	0.074	4.279	7
,     RUN 15, 	307.0	0.074	2.148	7
,     RUN 16, 	303.0	0.074	1.724	7
,     RUN 17, 	282.0	0.074	4.871	7
,     RUN 18, 	320.0	0.074	2.938	6
,     RUN 19, 	309.0	0.075	3.102	7
,     RUN 20, 	249.0	0.075	3.378	8
,     RUN 21, 	284.0	0.075	1.808	7
,     RUN 22, 	281.0	0.075	4.584	7
][PROBLEM DOMAIN SAT
,   instance 4 
,     RUN 0, 	302.0	0.069	0.375	7
,     RUN 1, 	275.0	0.07	0.601	7
,     RUN 2, 	285.0	0.071	0.372	7
,     RUN 3, 	286.0	0.071	3.938	7
,     RUN 4, 	285.0	0.071	6.779	7
,     RUN 5, 	269.0	0.072	5.853	7
,     RUN 6, 	300.0	0.072	3.357	8
,     RUN 7, 	324.0	0.072	5.639	7
,     RUN 8, 	327.0	0.072	6.001	6
,     RUN 9, 	295.0	0.072	5.402	7
,     RUN 10, 	324.0	0.073	4.106	6
,     RUN 11, 	303.0	0.073	3.977	7
,     RUN 12, 	307.0	0.073	3.939	6
,     RUN 13, 	292.0	0.073	6.065	6
,     RUN 14, 	288.0	0.074	4.279	7
,     RUN 15, 	307.0	0.074	2.148	7
,     RUN 16, 	303.0	0.074	1.724	7
,     RUN 17, 	282.0	0.074	4.871	7
,     RUN 18, 	320.0	0.074	2.938	6
,     RUN 19, 	309.0	0.075	3.102	7
,     RUN 20, 	249.0	0.075	3.378	8
,     RUN 21, 	284.0	0.075	1.808	7
,     RUN 22, 	281.0	0.075	4.584	7
,     RUN 23, 	294.0	0.076	1.929	7
][PROBLEM DOMAIN SAT
,   instance 4 
,     RUN 0, 	302.0	0.069	0.375	7
,     RUN 1, 	275.0	0.07	0.601	7
,     RUN 2, 	285.0	0.071	0.372	7
,     RUN 3, 	286.0	0.071	3.938	7
,     RUN 4, 	285.0	0.071	6.779	7
,     RUN 5, 	269.0	0.072	5.853	7
,     RUN 6, 	300.0	0.072	3.357	8
,     RUN 7, 	324.0	0.072	5.639	7
,     RUN 8, 	327.0	0.072	6.001	6
,     RUN 9, 	295.0	0.072	5.402	7
,     RUN 10, 	324.0	0.073	4.106	6
,     RUN 11, 	303.0	0.073	3.977	7
,     RUN 12, 	307.0	0.073	3.939	6
,     RUN 13, 	292.0	0.073	6.065	6
,     RUN 14, 	288.0	0.074	4.279	7
,     RUN 15, 	307.0	0.074	2.148	7
,     RUN 16, 	303.0	0.074	1.724	7
,     RUN 17, 	282.0	0.074	4.871	7
,     RUN 18, 	320.0	0.074	2.938	6
,     RUN 19, 	309.0	0.075	3.102	7
,     RUN 20, 	249.0	0.075	3.378	8
,     RUN 21, 	284.0	0.075	1.808	7
,     RUN 22, 	281.0	0.075	4.584	7
,     RUN 23, 	294.0	0.076	1.929	7
,     RUN 24, 	309.0	0.076	3.507	6
][PROBLEM DOMAIN SAT
,   instance 4 
,     RUN 0, 	302.0	0.069	0.375	7
,     RUN 1, 	275.0	0.07	0.601	7
,     RUN 2, 	285.0	0.071	0.372	7
,     RUN 3, 	286.0	0.071	3.938	7
,     RUN 4, 	285.0	0.071	6.779	7
,     RUN 5, 	269.0	0.072	5.853	7
,     RUN 6, 	300.0	0.072	3.357	8
,     RUN 7, 	324.0	0.072	5.639	7
,     RUN 8, 	327.0	0.072	6.001	6
,     RUN 9, 	295.0	0.072	5.402	7
,     RUN 10, 	324.0	0.073	4.106	6
,     RUN 11, 	303.0	0.073	3.977	7
,     RUN 12, 	307.0	0.073	3.939	6
,     RUN 13, 	292.0	0.073	6.065	6
,     RUN 14, 	288.0	0.074	4.279	7
,     RUN 15, 	307.0	0.074	2.148	7
,     RUN 16, 	303.0	0.074	1.724	7
,     RUN 17, 	282.0	0.074	4.871	7
,     RUN 18, 	320.0	0.074	2.938	6
,     RUN 19, 	309.0	0.075	3.102	7
,     RUN 20, 	249.0	0.075	3.378	8
,     RUN 21, 	284.0	0.075	1.808	7
,     RUN 22, 	281.0	0.075	4.584	7
,     RUN 23, 	294.0	0.076	1.929	7
,     RUN 24, 	309.0	0.076	3.507	6
,     RUN 25, 	322.0	0.076	3.304	7
][PROBLEM DOMAIN SAT
,   instance 4 
,     RUN 0, 	302.0	0.069	0.375	7
,     RUN 1, 	275.0	0.07	0.601	7
,     RUN 2, 	285.0	0.071	0.372	7
,     RUN 3, 	286.0	0.071	3.938	7
,     RUN 4, 	285.0	0.071	6.779	7
,     RUN 5, 	269.0	0.072	5.853	7
,     RUN 6, 	300.0	0.072	3.357	8
,     RUN 7, 	324.0	0.072	5.639	7
,     RUN 8, 	327.0	0.072	6.001	6
,     RUN 9, 	295.0	0.072	5.402	7
,     RUN 10, 	324.0	0.073	4.106	6
,     RUN 11, 	303.0	0.073	3.977	7
,     RUN 12, 	307.0	0.073	3.939	6
,     RUN 13, 	292.0	0.073	6.065	6
,     RUN 14, 	288.0	0.074	4.279	7
,     RUN 15, 	307.0	0.074	2.148	7
,     RUN 16, 	303.0	0.074	1.724	7
,     RUN 17, 	282.0	0.074	4.871	7
,     RUN 18, 	320.0	0.074	2.938	6
,     RUN 19, 	309.0	0.075	3.102	7
,     RUN 20, 	249.0	0.075	3.378	8
,     RUN 21, 	284.0	0.075	1.808	7
,     RUN 22, 	281.0	0.075	4.584	7
,     RUN 23, 	294.0	0.076	1.929	7
,     RUN 24, 	309.0	0.076	3.507	6
,     RUN 25, 	322.0	0.076	3.304	7
,     RUN 26, 	296.0	0.077	5.086	7
][PROBLEM DOMAIN SAT
,   instance 4 
,     RUN 0, 	302.0	0.069	0.375	7
,     RUN 1, 	275.0	0.07	0.601	7
,     RUN 2, 	285.0	0.071	0.372	7
,     RUN 3, 	286.0	0.071	3.938	7
,     RUN 4, 	285.0	0.071	6.779	7
,     RUN 5, 	269.0	0.072	5.853	7
,     RUN 6, 	300.0	0.072	3.357	8
,     RUN 7, 	324.0	0.072	5.639	7
,     RUN 8, 	327.0	0.072	6.001	6
,     RUN 9, 	295.0	0.072	5.402	7
,     RUN 10, 	324.0	0.073	4.106	6
,     RUN 11, 	303.0	0.073	3.977	7
,     RUN 12, 	307.0	0.073	3.939	6
,     RUN 13, 	292.0	0.073	6.065	6
,     RUN 14, 	288.0	0.074	4.279	7
,     RUN 15, 	307.0	0.074	2.148	7
,     RUN 16, 	303.0	0.074	1.724	7
,     RUN 17, 	282.0	0.074	4.871	7
,     RUN 18, 	320.0	0.074	2.938	6
,     RUN 19, 	309.0	0.075	3.102	7
,     RUN 20, 	249.0	0.075	3.378	8
,     RUN 21, 	284.0	0.075	1.808	7
,     RUN 22, 	281.0	0.075	4.584	7
,     RUN 23, 	294.0	0.076	1.929	7
,     RUN 24, 	309.0	0.076	3.507	6
,     RUN 25, 	322.0	0.076	3.304	7
,     RUN 26, 	296.0	0.077	5.086	7
,     RUN 27, 	298.0	0.077	2.036	7
][PROBLEM DOMAIN SAT
,   instance 4 
,     RUN 0, 	302.0	0.069	0.375	7
,     RUN 1, 	275.0	0.07	0.601	7
,     RUN 2, 	285.0	0.071	0.372	7
,     RUN 3, 	286.0	0.071	3.938	7
,     RUN 4, 	285.0	0.071	6.779	7
,     RUN 5, 	269.0	0.072	5.853	7
,     RUN 6, 	300.0	0.072	3.357	8
,     RUN 7, 	324.0	0.072	5.639	7
,     RUN 8, 	327.0	0.072	6.001	6
,     RUN 9, 	295.0	0.072	5.402	7
,     RUN 10, 	324.0	0.073	4.106	6
,     RUN 11, 	303.0	0.073	3.977	7
,     RUN 12, 	307.0	0.073	3.939	6
,     RUN 13, 	292.0	0.073	6.065	6
,     RUN 14, 	288.0	0.074	4.279	7
,     RUN 15, 	307.0	0.074	2.148	7
,     RUN 16, 	303.0	0.074	1.724	7
,     RUN 17, 	282.0	0.074	4.871	7
,     RUN 18, 	320.0	0.074	2.938	6
,     RUN 19, 	309.0	0.075	3.102	7
,     RUN 20, 	249.0	0.075	3.378	8
,     RUN 21, 	284.0	0.075	1.808	7
,     RUN 22, 	281.0	0.075	4.584	7
,     RUN 23, 	294.0	0.076	1.929	7
,     RUN 24, 	309.0	0.076	3.507	6
,     RUN 25, 	322.0	0.076	3.304	7
,     RUN 26, 	296.0	0.077	5.086	7
,     RUN 27, 	298.0	0.077	2.036	7
,     RUN 28, 	273.0	0.077	4.414	7
][PROBLEM DOMAIN SAT
,   instance 4 
,     RUN 0, 	302.0	0.069	0.375	7
,     RUN 1, 	275.0	0.07	0.601	7
,     RUN 2, 	285.0	0.071	0.372	7
,     RUN 3, 	286.0	0.071	3.938	7
,     RUN 4, 	285.0	0.071	6.779	7
,     RUN 5, 	269.0	0.072	5.853	7
,     RUN 6, 	300.0	0.072	3.357	8
,     RUN 7, 	324.0	0.072	5.639	7
,     RUN 8, 	327.0	0.072	6.001	6
,     RUN 9, 	295.0	0.072	5.402	7
,     RUN 10, 	324.0	0.073	4.106	6
,     RUN 11, 	303.0	0.073	3.977	7
,     RUN 12, 	307.0	0.073	3.939	6
,     RUN 13, 	292.0	0.073	6.065	6
,     RUN 14, 	288.0	0.074	4.279	7
,     RUN 15, 	307.0	0.074	2.148	7
,     RUN 16, 	303.0	0.074	1.724	7
,     RUN 17, 	282.0	0.074	4.871	7
,     RUN 18, 	320.0	0.074	2.938	6
,     RUN 19, 	309.0	0.075	3.102	7
,     RUN 20, 	249.0	0.075	3.378	8
,     RUN 21, 	284.0	0.075	1.808	7
,     RUN 22, 	281.0	0.075	4.584	7
,     RUN 23, 	294.0	0.076	1.929	7
,     RUN 24, 	309.0	0.076	3.507	6
,     RUN 25, 	322.0	0.076	3.304	7
,     RUN 26, 	296.0	0.077	5.086	7
,     RUN 27, 	298.0	0.077	2.036	7
,     RUN 28, 	273.0	0.077	4.414	7
,     RUN 29, 	299.0	0.077	3.272	7
][PROBLEM DOMAIN SAT
,   instance 4 
,     RUN 0, 	302.0	0.069	0.375	7
,     RUN 1, 	275.0	0.07	0.601	7
,     RUN 2, 	285.0	0.071	0.372	7
,     RUN 3, 	286.0	0.071	3.938	7
,     RUN 4, 	285.0	0.071	6.779	7
,     RUN 5, 	269.0	0.072	5.853	7
,     RUN 6, 	300.0	0.072	3.357	8
,     RUN 7, 	324.0	0.072	5.639	7
,     RUN 8, 	327.0	0.072	6.001	6
,     RUN 9, 	295.0	0.072	5.402	7
,     RUN 10, 	324.0	0.073	4.106	6
,     RUN 11, 	303.0	0.073	3.977	7
,     RUN 12, 	307.0	0.073	3.939	6
,     RUN 13, 	292.0	0.073	6.065	6
,     RUN 14, 	288.0	0.074	4.279	7
,     RUN 15, 	307.0	0.074	2.148	7
,     RUN 16, 	303.0	0.074	1.724	7
,     RUN 17, 	282.0	0.074	4.871	7
,     RUN 18, 	320.0	0.074	2.938	6
,     RUN 19, 	309.0	0.075	3.102	7
,     RUN 20, 	249.0	0.075	3.378	8
,     RUN 21, 	284.0	0.075	1.808	7
,     RUN 22, 	281.0	0.075	4.584	7
,     RUN 23, 	294.0	0.076	1.929	7
,     RUN 24, 	309.0	0.076	3.507	6
,     RUN 25, 	322.0	0.076	3.304	7
,     RUN 26, 	296.0	0.077	5.086	7
,     RUN 27, 	298.0	0.077	2.036	7
,     RUN 28, 	273.0	0.077	4.414	7
,     RUN 29, 	299.0	0.077	3.272	7
,     RUN 30, 	314.0	0.077	2.051	7
]