[PROBLEM DOMAIN SAT
,   instance 10 
,     RUN 0, 	371.0	0.061	0.33	6
][PROBLEM DOMAIN SAT
,   instance 10 
,     RUN 0, 	371.0	0.061	0.33	6
,     RUN 1, 	359.0	0.062	0.366	6
][PROBLEM DOMAIN SAT
,   instance 10 
,     RUN 0, 	371.0	0.061	0.33	6
,     RUN 1, 	359.0	0.062	0.366	6
,     RUN 2, 	376.0	0.062	0.532	7
][PROBLEM DOMAIN SAT
,   instance 10 
,     RUN 0, 	371.0	0.061	0.33	6
,     RUN 1, 	359.0	0.062	0.366	6
,     RUN 2, 	376.0	0.062	0.532	7
,     RUN 3, 	358.0	0.063	0.524	7
][PROBLEM DOMAIN SAT
,   instance 10 
,     RUN 0, 	371.0	0.061	0.33	6
,     RUN 1, 	359.0	0.062	0.366	6
,     RUN 2, 	376.0	0.062	0.532	7
,     RUN 3, 	358.0	0.063	0.524	7
,     RUN 4, 	364.0	0.063	3.811	7
][PROBLEM DOMAIN SAT
,   instance 10 
,     RUN 0, 	371.0	0.061	0.33	6
,     RUN 1, 	359.0	0.062	0.366	6
,     RUN 2, 	376.0	0.062	0.532	7
,     RUN 3, 	358.0	0.063	0.524	7
,     RUN 4, 	364.0	0.063	3.811	7
,     RUN 5, 	333.0	0.063	1.695	7
][PROBLEM DOMAIN SAT
,   instance 10 
,     RUN 0, 	371.0	0.061	0.33	6
,     RUN 1, 	359.0	0.062	0.366	6
,     RUN 2, 	376.0	0.062	0.532	7
,     RUN 3, 	358.0	0.063	0.524	7
,     RUN 4, 	364.0	0.063	3.811	7
,     RUN 5, 	333.0	0.063	1.695	7
,     RUN 6, 	380.0	0.063	3.919	7
][PROBLEM DOMAIN SAT
,   instance 10 
,     RUN 0, 	371.0	0.061	0.33	6
,     RUN 1, 	359.0	0.062	0.366	6
,     RUN 2, 	376.0	0.062	0.532	7
,     RUN 3, 	358.0	0.063	0.524	7
,     RUN 4, 	364.0	0.063	3.811	7
,     RUN 5, 	333.0	0.063	1.695	7
,     RUN 6, 	380.0	0.063	3.919	7
,     RUN 7, 	368.0	0.064	5.248	7
][PROBLEM DOMAIN SAT
,   instance 10 
,     RUN 0, 	371.0	0.061	0.33	6
,     RUN 1, 	359.0	0.062	0.366	6
,     RUN 2, 	376.0	0.062	0.532	7
,     RUN 3, 	358.0	0.063	0.524	7
,     RUN 4, 	364.0	0.063	3.811	7
,     RUN 5, 	333.0	0.063	1.695	7
,     RUN 6, 	380.0	0.063	3.919	7
,     RUN 7, 	368.0	0.064	5.248	7
,     RUN 8, 	376.0	0.064	4.774	7
][PROBLEM DOMAIN SAT
,   instance 10 
,     RUN 0, 	371.0	0.061	0.33	6
,     RUN 1, 	359.0	0.062	0.366	6
,     RUN 2, 	376.0	0.062	0.532	7
,     RUN 3, 	358.0	0.063	0.524	7
,     RUN 4, 	364.0	0.063	3.811	7
,     RUN 5, 	333.0	0.063	1.695	7
,     RUN 6, 	380.0	0.063	3.919	7
,     RUN 7, 	368.0	0.064	5.248	7
,     RUN 8, 	376.0	0.064	4.774	7
,     RUN 9, 	408.0	0.064	4.975	6
][PROBLEM DOMAIN SAT
,   instance 10 
,     RUN 0, 	371.0	0.061	0.33	6
,     RUN 1, 	359.0	0.062	0.366	6
,     RUN 2, 	376.0	0.062	0.532	7
,     RUN 3, 	358.0	0.063	0.524	7
,     RUN 4, 	364.0	0.063	3.811	7
,     RUN 5, 	333.0	0.063	1.695	7
,     RUN 6, 	380.0	0.063	3.919	7
,     RUN 7, 	368.0	0.064	5.248	7
,     RUN 8, 	376.0	0.064	4.774	7
,     RUN 9, 	408.0	0.064	4.975	6
,     RUN 10, 	356.0	0.064	4.125	7
][PROBLEM DOMAIN SAT
,   instance 10 
,     RUN 0, 	371.0	0.061	0.33	6
,     RUN 1, 	359.0	0.062	0.366	6
,     RUN 2, 	376.0	0.062	0.532	7
,     RUN 3, 	358.0	0.063	0.524	7
,     RUN 4, 	364.0	0.063	3.811	7
,     RUN 5, 	333.0	0.063	1.695	7
,     RUN 6, 	380.0	0.063	3.919	7
,     RUN 7, 	368.0	0.064	5.248	7
,     RUN 8, 	376.0	0.064	4.774	7
,     RUN 9, 	408.0	0.064	4.975	6
,     RUN 10, 	356.0	0.064	4.125	7
,     RUN 11, 	402.0	0.065	5.694	7
][PROBLEM DOMAIN SAT
,   instance 10 
,     RUN 0, 	371.0	0.061	0.33	6
,     RUN 1, 	359.0	0.062	0.366	6
,     RUN 2, 	376.0	0.062	0.532	7
,     RUN 3, 	358.0	0.063	0.524	7
,     RUN 4, 	364.0	0.063	3.811	7
,     RUN 5, 	333.0	0.063	1.695	7
,     RUN 6, 	380.0	0.063	3.919	7
,     RUN 7, 	368.0	0.064	5.248	7
,     RUN 8, 	376.0	0.064	4.774	7
,     RUN 9, 	408.0	0.064	4.975	6
,     RUN 10, 	356.0	0.064	4.125	7
,     RUN 11, 	402.0	0.065	5.694	7
,     RUN 12, 	403.0	0.065	3.447	7
][PROBLEM DOMAIN SAT
,   instance 10 
,     RUN 0, 	371.0	0.061	0.33	6
,     RUN 1, 	359.0	0.062	0.366	6
,     RUN 2, 	376.0	0.062	0.532	7
,     RUN 3, 	358.0	0.063	0.524	7
,     RUN 4, 	364.0	0.063	3.811	7
,     RUN 5, 	333.0	0.063	1.695	7
,     RUN 6, 	380.0	0.063	3.919	7
,     RUN 7, 	368.0	0.064	5.248	7
,     RUN 8, 	376.0	0.064	4.774	7
,     RUN 9, 	408.0	0.064	4.975	6
,     RUN 10, 	356.0	0.064	4.125	7
,     RUN 11, 	402.0	0.065	5.694	7
,     RUN 12, 	403.0	0.065	3.447	7
,     RUN 13, 	357.0	0.065	5.144	7
][PROBLEM DOMAIN SAT
,   instance 10 
,     RUN 0, 	371.0	0.061	0.33	6
,     RUN 1, 	359.0	0.062	0.366	6
,     RUN 2, 	376.0	0.062	0.532	7
,     RUN 3, 	358.0	0.063	0.524	7
,     RUN 4, 	364.0	0.063	3.811	7
,     RUN 5, 	333.0	0.063	1.695	7
,     RUN 6, 	380.0	0.063	3.919	7
,     RUN 7, 	368.0	0.064	5.248	7
,     RUN 8, 	376.0	0.064	4.774	7
,     RUN 9, 	408.0	0.064	4.975	6
,     RUN 10, 	356.0	0.064	4.125	7
,     RUN 11, 	402.0	0.065	5.694	7
,     RUN 12, 	403.0	0.065	3.447	7
,     RUN 13, 	357.0	0.065	5.144	7
,     RUN 14, 	402.0	0.065	3.674	6
][PROBLEM DOMAIN SAT
,   instance 10 
,     RUN 0, 	371.0	0.061	0.33	6
,     RUN 1, 	359.0	0.062	0.366	6
,     RUN 2, 	376.0	0.062	0.532	7
,     RUN 3, 	358.0	0.063	0.524	7
,     RUN 4, 	364.0	0.063	3.811	7
,     RUN 5, 	333.0	0.063	1.695	7
,     RUN 6, 	380.0	0.063	3.919	7
,     RUN 7, 	368.0	0.064	5.248	7
,     RUN 8, 	376.0	0.064	4.774	7
,     RUN 9, 	408.0	0.064	4.975	6
,     RUN 10, 	356.0	0.064	4.125	7
,     RUN 11, 	402.0	0.065	5.694	7
,     RUN 12, 	403.0	0.065	3.447	7
,     RUN 13, 	357.0	0.065	5.144	7
,     RUN 14, 	402.0	0.065	3.674	6
,     RUN 15, 	374.0	0.065	4.703	7
][PROBLEM DOMAIN SAT
,   instance 10 
,     RUN 0, 	371.0	0.061	0.33	6
,     RUN 1, 	359.0	0.062	0.366	6
,     RUN 2, 	376.0	0.062	0.532	7
,     RUN 3, 	358.0	0.063	0.524	7
,     RUN 4, 	364.0	0.063	3.811	7
,     RUN 5, 	333.0	0.063	1.695	7
,     RUN 6, 	380.0	0.063	3.919	7
,     RUN 7, 	368.0	0.064	5.248	7
,     RUN 8, 	376.0	0.064	4.774	7
,     RUN 9, 	408.0	0.064	4.975	6
,     RUN 10, 	356.0	0.064	4.125	7
,     RUN 11, 	402.0	0.065	5.694	7
,     RUN 12, 	403.0	0.065	3.447	7
,     RUN 13, 	357.0	0.065	5.144	7
,     RUN 14, 	402.0	0.065	3.674	6
,     RUN 15, 	374.0	0.065	4.703	7
,     RUN 16, 	384.0	0.066	4.865	7
][PROBLEM DOMAIN SAT
,   instance 10 
,     RUN 0, 	371.0	0.061	0.33	6
,     RUN 1, 	359.0	0.062	0.366	6
,     RUN 2, 	376.0	0.062	0.532	7
,     RUN 3, 	358.0	0.063	0.524	7
,     RUN 4, 	364.0	0.063	3.811	7
,     RUN 5, 	333.0	0.063	1.695	7
,     RUN 6, 	380.0	0.063	3.919	7
,     RUN 7, 	368.0	0.064	5.248	7
,     RUN 8, 	376.0	0.064	4.774	7
,     RUN 9, 	408.0	0.064	4.975	6
,     RUN 10, 	356.0	0.064	4.125	7
,     RUN 11, 	402.0	0.065	5.694	7
,     RUN 12, 	403.0	0.065	3.447	7
,     RUN 13, 	357.0	0.065	5.144	7
,     RUN 14, 	402.0	0.065	3.674	6
,     RUN 15, 	374.0	0.065	4.703	7
,     RUN 16, 	384.0	0.066	4.865	7
,     RUN 17, 	390.0	0.066	2.392	7
][PROBLEM DOMAIN SAT
,   instance 10 
,     RUN 0, 	371.0	0.061	0.33	6
,     RUN 1, 	359.0	0.062	0.366	6
,     RUN 2, 	376.0	0.062	0.532	7
,     RUN 3, 	358.0	0.063	0.524	7
,     RUN 4, 	364.0	0.063	3.811	7
,     RUN 5, 	333.0	0.063	1.695	7
,     RUN 6, 	380.0	0.063	3.919	7
,     RUN 7, 	368.0	0.064	5.248	7
,     RUN 8, 	376.0	0.064	4.774	7
,     RUN 9, 	408.0	0.064	4.975	6
,     RUN 10, 	356.0	0.064	4.125	7
,     RUN 11, 	402.0	0.065	5.694	7
,     RUN 12, 	403.0	0.065	3.447	7
,     RUN 13, 	357.0	0.065	5.144	7
,     RUN 14, 	402.0	0.065	3.674	6
,     RUN 15, 	374.0	0.065	4.703	7
,     RUN 16, 	384.0	0.066	4.865	7
,     RUN 17, 	390.0	0.066	2.392	7
,     RUN 18, 	418.0	0.066	4.409	7
][PROBLEM DOMAIN SAT
,   instance 10 
,     RUN 0, 	371.0	0.061	0.33	6
,     RUN 1, 	359.0	0.062	0.366	6
,     RUN 2, 	376.0	0.062	0.532	7
,     RUN 3, 	358.0	0.063	0.524	7
,     RUN 4, 	364.0	0.063	3.811	7
,     RUN 5, 	333.0	0.063	1.695	7
,     RUN 6, 	380.0	0.063	3.919	7
,     RUN 7, 	368.0	0.064	5.248	7
,     RUN 8, 	376.0	0.064	4.774	7
,     RUN 9, 	408.0	0.064	4.975	6
,     RUN 10, 	356.0	0.064	4.125	7
,     RUN 11, 	402.0	0.065	5.694	7
,     RUN 12, 	403.0	0.065	3.447	7
,     RUN 13, 	357.0	0.065	5.144	7
,     RUN 14, 	402.0	0.065	3.674	6
,     RUN 15, 	374.0	0.065	4.703	7
,     RUN 16, 	384.0	0.066	4.865	7
,     RUN 17, 	390.0	0.066	2.392	7
,     RUN 18, 	418.0	0.066	4.409	7
,     RUN 19, 	345.0	0.066	2.602	7
][PROBLEM DOMAIN SAT
,   instance 10 
,     RUN 0, 	371.0	0.061	0.33	6
,     RUN 1, 	359.0	0.062	0.366	6
,     RUN 2, 	376.0	0.062	0.532	7
,     RUN 3, 	358.0	0.063	0.524	7
,     RUN 4, 	364.0	0.063	3.811	7
,     RUN 5, 	333.0	0.063	1.695	7
,     RUN 6, 	380.0	0.063	3.919	7
,     RUN 7, 	368.0	0.064	5.248	7
,     RUN 8, 	376.0	0.064	4.774	7
,     RUN 9, 	408.0	0.064	4.975	6
,     RUN 10, 	356.0	0.064	4.125	7
,     RUN 11, 	402.0	0.065	5.694	7
,     RUN 12, 	403.0	0.065	3.447	7
,     RUN 13, 	357.0	0.065	5.144	7
,     RUN 14, 	402.0	0.065	3.674	6
,     RUN 15, 	374.0	0.065	4.703	7
,     RUN 16, 	384.0	0.066	4.865	7
,     RUN 17, 	390.0	0.066	2.392	7
,     RUN 18, 	418.0	0.066	4.409	7
,     RUN 19, 	345.0	0.066	2.602	7
,     RUN 20, 	371.0	0.067	3.087	7
][PROBLEM DOMAIN SAT
,   instance 10 
,     RUN 0, 	371.0	0.061	0.33	6
,     RUN 1, 	359.0	0.062	0.366	6
,     RUN 2, 	376.0	0.062	0.532	7
,     RUN 3, 	358.0	0.063	0.524	7
,     RUN 4, 	364.0	0.063	3.811	7
,     RUN 5, 	333.0	0.063	1.695	7
,     RUN 6, 	380.0	0.063	3.919	7
,     RUN 7, 	368.0	0.064	5.248	7
,     RUN 8, 	376.0	0.064	4.774	7
,     RUN 9, 	408.0	0.064	4.975	6
,     RUN 10, 	356.0	0.064	4.125	7
,     RUN 11, 	402.0	0.065	5.694	7
,     RUN 12, 	403.0	0.065	3.447	7
,     RUN 13, 	357.0	0.065	5.144	7
,     RUN 14, 	402.0	0.065	3.674	6
,     RUN 15, 	374.0	0.065	4.703	7
,     RUN 16, 	384.0	0.066	4.865	7
,     RUN 17, 	390.0	0.066	2.392	7
,     RUN 18, 	418.0	0.066	4.409	7
,     RUN 19, 	345.0	0.066	2.602	7
,     RUN 20, 	371.0	0.067	3.087	7
,     RUN 21, 	377.0	0.067	5.0	7
][PROBLEM DOMAIN SAT
,   instance 10 
,     RUN 0, 	371.0	0.061	0.33	6
,     RUN 1, 	359.0	0.062	0.366	6
,     RUN 2, 	376.0	0.062	0.532	7
,     RUN 3, 	358.0	0.063	0.524	7
,     RUN 4, 	364.0	0.063	3.811	7
,     RUN 5, 	333.0	0.063	1.695	7
,     RUN 6, 	380.0	0.063	3.919	7
,     RUN 7, 	368.0	0.064	5.248	7
,     RUN 8, 	376.0	0.064	4.774	7
,     RUN 9, 	408.0	0.064	4.975	6
,     RUN 10, 	356.0	0.064	4.125	7
,     RUN 11, 	402.0	0.065	5.694	7
,     RUN 12, 	403.0	0.065	3.447	7
,     RUN 13, 	357.0	0.065	5.144	7
,     RUN 14, 	402.0	0.065	3.674	6
,     RUN 15, 	374.0	0.065	4.703	7
,     RUN 16, 	384.0	0.066	4.865	7
,     RUN 17, 	390.0	0.066	2.392	7
,     RUN 18, 	418.0	0.066	4.409	7
,     RUN 19, 	345.0	0.066	2.602	7
,     RUN 20, 	371.0	0.067	3.087	7
,     RUN 21, 	377.0	0.067	5.0	7
,     RUN 22, 	398.0	0.067	3.499	7
][PROBLEM DOMAIN SAT
,   instance 10 
,     RUN 0, 	371.0	0.061	0.33	6
,     RUN 1, 	359.0	0.062	0.366	6
,     RUN 2, 	376.0	0.062	0.532	7
,     RUN 3, 	358.0	0.063	0.524	7
,     RUN 4, 	364.0	0.063	3.811	7
,     RUN 5, 	333.0	0.063	1.695	7
,     RUN 6, 	380.0	0.063	3.919	7
,     RUN 7, 	368.0	0.064	5.248	7
,     RUN 8, 	376.0	0.064	4.774	7
,     RUN 9, 	408.0	0.064	4.975	6
,     RUN 10, 	356.0	0.064	4.125	7
,     RUN 11, 	402.0	0.065	5.694	7
,     RUN 12, 	403.0	0.065	3.447	7
,     RUN 13, 	357.0	0.065	5.144	7
,     RUN 14, 	402.0	0.065	3.674	6
,     RUN 15, 	374.0	0.065	4.703	7
,     RUN 16, 	384.0	0.066	4.865	7
,     RUN 17, 	390.0	0.066	2.392	7
,     RUN 18, 	418.0	0.066	4.409	7
,     RUN 19, 	345.0	0.066	2.602	7
,     RUN 20, 	371.0	0.067	3.087	7
,     RUN 21, 	377.0	0.067	5.0	7
,     RUN 22, 	398.0	0.067	3.499	7
,     RUN 23, 	361.0	0.067	2.128	6
][PROBLEM DOMAIN SAT
,   instance 10 
,     RUN 0, 	371.0	0.061	0.33	6
,     RUN 1, 	359.0	0.062	0.366	6
,     RUN 2, 	376.0	0.062	0.532	7
,     RUN 3, 	358.0	0.063	0.524	7
,     RUN 4, 	364.0	0.063	3.811	7
,     RUN 5, 	333.0	0.063	1.695	7
,     RUN 6, 	380.0	0.063	3.919	7
,     RUN 7, 	368.0	0.064	5.248	7
,     RUN 8, 	376.0	0.064	4.774	7
,     RUN 9, 	408.0	0.064	4.975	6
,     RUN 10, 	356.0	0.064	4.125	7
,     RUN 11, 	402.0	0.065	5.694	7
,     RUN 12, 	403.0	0.065	3.447	7
,     RUN 13, 	357.0	0.065	5.144	7
,     RUN 14, 	402.0	0.065	3.674	6
,     RUN 15, 	374.0	0.065	4.703	7
,     RUN 16, 	384.0	0.066	4.865	7
,     RUN 17, 	390.0	0.066	2.392	7
,     RUN 18, 	418.0	0.066	4.409	7
,     RUN 19, 	345.0	0.066	2.602	7
,     RUN 20, 	371.0	0.067	3.087	7
,     RUN 21, 	377.0	0.067	5.0	7
,     RUN 22, 	398.0	0.067	3.499	7
,     RUN 23, 	361.0	0.067	2.128	6
,     RUN 24, 	380.0	0.068	3.001	6
][PROBLEM DOMAIN SAT
,   instance 10 
,     RUN 0, 	371.0	0.061	0.33	6
,     RUN 1, 	359.0	0.062	0.366	6
,     RUN 2, 	376.0	0.062	0.532	7
,     RUN 3, 	358.0	0.063	0.524	7
,     RUN 4, 	364.0	0.063	3.811	7
,     RUN 5, 	333.0	0.063	1.695	7
,     RUN 6, 	380.0	0.063	3.919	7
,     RUN 7, 	368.0	0.064	5.248	7
,     RUN 8, 	376.0	0.064	4.774	7
,     RUN 9, 	408.0	0.064	4.975	6
,     RUN 10, 	356.0	0.064	4.125	7
,     RUN 11, 	402.0	0.065	5.694	7
,     RUN 12, 	403.0	0.065	3.447	7
,     RUN 13, 	357.0	0.065	5.144	7
,     RUN 14, 	402.0	0.065	3.674	6
,     RUN 15, 	374.0	0.065	4.703	7
,     RUN 16, 	384.0	0.066	4.865	7
,     RUN 17, 	390.0	0.066	2.392	7
,     RUN 18, 	418.0	0.066	4.409	7
,     RUN 19, 	345.0	0.066	2.602	7
,     RUN 20, 	371.0	0.067	3.087	7
,     RUN 21, 	377.0	0.067	5.0	7
,     RUN 22, 	398.0	0.067	3.499	7
,     RUN 23, 	361.0	0.067	2.128	6
,     RUN 24, 	380.0	0.068	3.001	6
,     RUN 25, 	418.0	0.068	1.889	6
][PROBLEM DOMAIN SAT
,   instance 10 
,     RUN 0, 	371.0	0.061	0.33	6
,     RUN 1, 	359.0	0.062	0.366	6
,     RUN 2, 	376.0	0.062	0.532	7
,     RUN 3, 	358.0	0.063	0.524	7
,     RUN 4, 	364.0	0.063	3.811	7
,     RUN 5, 	333.0	0.063	1.695	7
,     RUN 6, 	380.0	0.063	3.919	7
,     RUN 7, 	368.0	0.064	5.248	7
,     RUN 8, 	376.0	0.064	4.774	7
,     RUN 9, 	408.0	0.064	4.975	6
,     RUN 10, 	356.0	0.064	4.125	7
,     RUN 11, 	402.0	0.065	5.694	7
,     RUN 12, 	403.0	0.065	3.447	7
,     RUN 13, 	357.0	0.065	5.144	7
,     RUN 14, 	402.0	0.065	3.674	6
,     RUN 15, 	374.0	0.065	4.703	7
,     RUN 16, 	384.0	0.066	4.865	7
,     RUN 17, 	390.0	0.066	2.392	7
,     RUN 18, 	418.0	0.066	4.409	7
,     RUN 19, 	345.0	0.066	2.602	7
,     RUN 20, 	371.0	0.067	3.087	7
,     RUN 21, 	377.0	0.067	5.0	7
,     RUN 22, 	398.0	0.067	3.499	7
,     RUN 23, 	361.0	0.067	2.128	6
,     RUN 24, 	380.0	0.068	3.001	6
,     RUN 25, 	418.0	0.068	1.889	6
,     RUN 26, 	371.0	0.069	3.554	7
][PROBLEM DOMAIN SAT
,   instance 10 
,     RUN 0, 	371.0	0.061	0.33	6
,     RUN 1, 	359.0	0.062	0.366	6
,     RUN 2, 	376.0	0.062	0.532	7
,     RUN 3, 	358.0	0.063	0.524	7
,     RUN 4, 	364.0	0.063	3.811	7
,     RUN 5, 	333.0	0.063	1.695	7
,     RUN 6, 	380.0	0.063	3.919	7
,     RUN 7, 	368.0	0.064	5.248	7
,     RUN 8, 	376.0	0.064	4.774	7
,     RUN 9, 	408.0	0.064	4.975	6
,     RUN 10, 	356.0	0.064	4.125	7
,     RUN 11, 	402.0	0.065	5.694	7
,     RUN 12, 	403.0	0.065	3.447	7
,     RUN 13, 	357.0	0.065	5.144	7
,     RUN 14, 	402.0	0.065	3.674	6
,     RUN 15, 	374.0	0.065	4.703	7
,     RUN 16, 	384.0	0.066	4.865	7
,     RUN 17, 	390.0	0.066	2.392	7
,     RUN 18, 	418.0	0.066	4.409	7
,     RUN 19, 	345.0	0.066	2.602	7
,     RUN 20, 	371.0	0.067	3.087	7
,     RUN 21, 	377.0	0.067	5.0	7
,     RUN 22, 	398.0	0.067	3.499	7
,     RUN 23, 	361.0	0.067	2.128	6
,     RUN 24, 	380.0	0.068	3.001	6
,     RUN 25, 	418.0	0.068	1.889	6
,     RUN 26, 	371.0	0.069	3.554	7
,     RUN 27, 	383.0	0.069	4.369	7
][PROBLEM DOMAIN SAT
,   instance 10 
,     RUN 0, 	371.0	0.061	0.33	6
,     RUN 1, 	359.0	0.062	0.366	6
,     RUN 2, 	376.0	0.062	0.532	7
,     RUN 3, 	358.0	0.063	0.524	7
,     RUN 4, 	364.0	0.063	3.811	7
,     RUN 5, 	333.0	0.063	1.695	7
,     RUN 6, 	380.0	0.063	3.919	7
,     RUN 7, 	368.0	0.064	5.248	7
,     RUN 8, 	376.0	0.064	4.774	7
,     RUN 9, 	408.0	0.064	4.975	6
,     RUN 10, 	356.0	0.064	4.125	7
,     RUN 11, 	402.0	0.065	5.694	7
,     RUN 12, 	403.0	0.065	3.447	7
,     RUN 13, 	357.0	0.065	5.144	7
,     RUN 14, 	402.0	0.065	3.674	6
,     RUN 15, 	374.0	0.065	4.703	7
,     RUN 16, 	384.0	0.066	4.865	7
,     RUN 17, 	390.0	0.066	2.392	7
,     RUN 18, 	418.0	0.066	4.409	7
,     RUN 19, 	345.0	0.066	2.602	7
,     RUN 20, 	371.0	0.067	3.087	7
,     RUN 21, 	377.0	0.067	5.0	7
,     RUN 22, 	398.0	0.067	3.499	7
,     RUN 23, 	361.0	0.067	2.128	6
,     RUN 24, 	380.0	0.068	3.001	6
,     RUN 25, 	418.0	0.068	1.889	6
,     RUN 26, 	371.0	0.069	3.554	7
,     RUN 27, 	383.0	0.069	4.369	7
,     RUN 28, 	360.0	0.07	3.369	7
][PROBLEM DOMAIN SAT
,   instance 10 
,     RUN 0, 	371.0	0.061	0.33	6
,     RUN 1, 	359.0	0.062	0.366	6
,     RUN 2, 	376.0	0.062	0.532	7
,     RUN 3, 	358.0	0.063	0.524	7
,     RUN 4, 	364.0	0.063	3.811	7
,     RUN 5, 	333.0	0.063	1.695	7
,     RUN 6, 	380.0	0.063	3.919	7
,     RUN 7, 	368.0	0.064	5.248	7
,     RUN 8, 	376.0	0.064	4.774	7
,     RUN 9, 	408.0	0.064	4.975	6
,     RUN 10, 	356.0	0.064	4.125	7
,     RUN 11, 	402.0	0.065	5.694	7
,     RUN 12, 	403.0	0.065	3.447	7
,     RUN 13, 	357.0	0.065	5.144	7
,     RUN 14, 	402.0	0.065	3.674	6
,     RUN 15, 	374.0	0.065	4.703	7
,     RUN 16, 	384.0	0.066	4.865	7
,     RUN 17, 	390.0	0.066	2.392	7
,     RUN 18, 	418.0	0.066	4.409	7
,     RUN 19, 	345.0	0.066	2.602	7
,     RUN 20, 	371.0	0.067	3.087	7
,     RUN 21, 	377.0	0.067	5.0	7
,     RUN 22, 	398.0	0.067	3.499	7
,     RUN 23, 	361.0	0.067	2.128	6
,     RUN 24, 	380.0	0.068	3.001	6
,     RUN 25, 	418.0	0.068	1.889	6
,     RUN 26, 	371.0	0.069	3.554	7
,     RUN 27, 	383.0	0.069	4.369	7
,     RUN 28, 	360.0	0.07	3.369	7
,     RUN 29, 	382.0	0.07	1.64	6
][PROBLEM DOMAIN SAT
,   instance 10 
,     RUN 0, 	371.0	0.061	0.33	6
,     RUN 1, 	359.0	0.062	0.366	6
,     RUN 2, 	376.0	0.062	0.532	7
,     RUN 3, 	358.0	0.063	0.524	7
,     RUN 4, 	364.0	0.063	3.811	7
,     RUN 5, 	333.0	0.063	1.695	7
,     RUN 6, 	380.0	0.063	3.919	7
,     RUN 7, 	368.0	0.064	5.248	7
,     RUN 8, 	376.0	0.064	4.774	7
,     RUN 9, 	408.0	0.064	4.975	6
,     RUN 10, 	356.0	0.064	4.125	7
,     RUN 11, 	402.0	0.065	5.694	7
,     RUN 12, 	403.0	0.065	3.447	7
,     RUN 13, 	357.0	0.065	5.144	7
,     RUN 14, 	402.0	0.065	3.674	6
,     RUN 15, 	374.0	0.065	4.703	7
,     RUN 16, 	384.0	0.066	4.865	7
,     RUN 17, 	390.0	0.066	2.392	7
,     RUN 18, 	418.0	0.066	4.409	7
,     RUN 19, 	345.0	0.066	2.602	7
,     RUN 20, 	371.0	0.067	3.087	7
,     RUN 21, 	377.0	0.067	5.0	7
,     RUN 22, 	398.0	0.067	3.499	7
,     RUN 23, 	361.0	0.067	2.128	6
,     RUN 24, 	380.0	0.068	3.001	6
,     RUN 25, 	418.0	0.068	1.889	6
,     RUN 26, 	371.0	0.069	3.554	7
,     RUN 27, 	383.0	0.069	4.369	7
,     RUN 28, 	360.0	0.07	3.369	7
,     RUN 29, 	382.0	0.07	1.64	6
,     RUN 30, 	349.0	0.071	2.195	7
]