[PROBLEM DOMAIN SAT
,   instance 5 
,     RUN 0, 	455.0	0.084	0.196	3
,     RUN 1, 	434.0	0.085	0.412	3
,     RUN 2, 	438.0	0.085	0.565	3
,     RUN 3, 	415.0	0.086	0.456	4
,     RUN 4, 	406.0	0.086	1.113	4
,     RUN 5, 	417.0	0.086	1.114	4
,     RUN 6, 	434.0	0.087	1.511	4
,     RUN 7, 	469.0	0.087	1.324	4
,     RUN 8, 	417.0	0.087	3.328	4
,     RUN 9, 	450.0	0.088	3.008	4
,     RUN 10, 	426.0	0.088	2.083	4
,     RUN 11, 	436.0	0.089	3.691	4
,     RUN 12, 	452.0	0.089	4.724	4
,     RUN 13, 	437.0	0.09	4.456	4
,     RUN 14, 	421.0	0.09	4.323	4
,     RUN 15, 	426.0	0.09	4.058	4
,     RUN 16, 	402.0	0.091	4.332	4
,     RUN 17, 	379.0	0.091	3.764	4
,     RUN 18, 	387.0	0.091	4.452	4
,     RUN 19, 	479.0	0.092	3.15	4
,     RUN 20, 	442.0	0.092	3.008	4
,     RUN 21, 	403.0	0.093	2.847	4
,     RUN 22, 	397.0	0.093	3.067	4
,     RUN 23, 	370.0	0.093	2.1	4
,     RUN 24, 	467.0	0.094	2.455	4
,     RUN 25, 	437.0	0.094	1.971	4
,     RUN 26, 	463.0	0.095	3.493	4
,     RUN 27, 	454.0	0.095	2.102	4
,     RUN 28, 	466.0	0.095	3.856	4
,     RUN 29, 	425.0	0.096	3.68	4
,     RUN 30, 	484.0	0.096	1.724	3
]