[PROBLEM DOMAIN PersonnelScheduling
,   instance 8 
,     RUN 0, 	66326.0	26.345	10.329	0
,     RUN 1, 	67359.0	26.346	4.004	0
,     RUN 2, 	66338.0	26.346	2.139	0
,     RUN 3, 	67357.0	26.346	2.165	0
,     RUN 4, 	67233.0	26.346	1.715	0
,     RUN 5, 	65319.0	26.346	1.549	0
,     RUN 6, 	67149.0	26.346	1.044	0
,     RUN 7, 	66542.0	26.346	0.693	0
,     RUN 8, 	67768.0	26.347	1.111	0
,     RUN 9, 	66613.0	26.347	0.684	0
,     RUN 10, 	67273.0	26.347	0.648	0
,     RUN 11, 	68625.0	26.347	0.769	0
,     RUN 12, 	67359.0	26.347	0.715	0
,     RUN 13, 	66548.0	26.347	1.084	0
,     RUN 14, 	68871.0	26.347	0.915	0
,     RUN 15, 	65333.0	26.347	0.67	0
,     RUN 16, 	67550.0	26.347	0.767	0
,     RUN 17, 	66770.0	26.347	0.83	0
,     RUN 18, 	66245.0	26.347	0.911	0
,     RUN 19, 	65927.0	26.348	0.931	0
,     RUN 20, 	65364.0	26.348	0.882	0
,     RUN 21, 	65948.0	26.348	0.655	0
,     RUN 22, 	66125.0	26.348	0.722	0
,     RUN 23, 	66537.0	26.348	0.838	0
,     RUN 24, 	67465.0	26.348	0.734	0
,     RUN 25, 	65659.0	26.348	0.665	0
,     RUN 26, 	67927.0	26.348	0.787	0
,     RUN 27, 	66445.0	26.348	0.736	0
,     RUN 28, 	67120.0	26.349	0.735	0
,     RUN 29, 	67096.0	26.349	0.684	0
,     RUN 30, 	67346.0	26.349	0.607	0
]