[PROBLEM DOMAIN FlowShop
,   instance 8 
,     RUN 0, 	27258.0	0.069	8.6	788
,     RUN 1, 	27235.0	0.069	6.996	965
,     RUN 2, 	27245.0	0.07	9.708	801
,     RUN 3, 	27261.0	0.07	8.247	866
,     RUN 4, 	27271.0	0.07	12.161	965
,     RUN 5, 	27224.0	0.07	12.253	1019
,     RUN 6, 	27375.0	0.071	4.795	834
,     RUN 7, 	27334.0	0.071	7.935	658
,     RUN 8, 	27263.0	0.071	3.106	993
,     RUN 9, 	27161.0	0.071	4.717	813
,     RUN 10, 	27450.0	0.071	4.481	1092
,     RUN 11, 	27281.0	0.071	14.364	888
,     RUN 12, 	27279.0	0.072	9.474	969
,     RUN 13, 	27297.0	0.072	9.503	1078
,     RUN 14, 	27249.0	0.072	10.481	1042
,     RUN 15, 	27358.0	0.072	9.373	1026
,     RUN 16, 	27384.0	0.073	3.336	1126
,     RUN 17, 	27236.0	0.073	10.633	1047
,     RUN 18, 	27274.0	0.073	6.602	992
,     RUN 19, 	27341.0	0.073	7.828	1054
,     RUN 20, 	27237.0	0.073	13.055	946
,     RUN 21, 	27369.0	0.074	6.279	976
,     RUN 22, 	27384.0	0.074	1.825	972
,     RUN 23, 	27242.0	0.074	2.44	1078
,     RUN 24, 	27200.0	0.074	7.19	890
,     RUN 25, 	27315.0	0.074	8.675	903
,     RUN 26, 	27301.0	0.075	3.391	1016
,     RUN 27, 	27259.0	0.075	5.472	930
,     RUN 28, 	27249.0	0.075	6.772	874
,     RUN 29, 	27367.0	0.075	2.493	979
,     RUN 30, 	27342.0	0.075	6.085	944
]