[PROBLEM DOMAIN PersonnelScheduling
,   instance 5 
,     RUN 0, 	1621.0	4.481	0.486	0
][PROBLEM DOMAIN PersonnelScheduling
,   instance 5 
,     RUN 0, 	1621.0	4.481	0.486	0
,     RUN 1, 	1209.0	4.481	1.327	0
][PROBLEM DOMAIN PersonnelScheduling
,   instance 5 
,     RUN 0, 	1621.0	4.481	0.486	0
,     RUN 1, 	1209.0	4.481	1.327	0
,     RUN 2, 	1513.0	4.482	0.311	0
][PROBLEM DOMAIN PersonnelScheduling
,   instance 5 
,     RUN 0, 	1621.0	4.481	0.486	0
,     RUN 1, 	1209.0	4.481	1.327	0
,     RUN 2, 	1513.0	4.482	0.311	0
,     RUN 3, 	1701.0	4.482	0.439	0
][PROBLEM DOMAIN PersonnelScheduling
,   instance 5 
,     RUN 0, 	1621.0	4.481	0.486	0
,     RUN 1, 	1209.0	4.481	1.327	0
,     RUN 2, 	1513.0	4.482	0.311	0
,     RUN 3, 	1701.0	4.482	0.439	0
,     RUN 4, 	1611.0	4.482	0.181	0
][PROBLEM DOMAIN PersonnelScheduling
,   instance 5 
,     RUN 0, 	1621.0	4.481	0.486	0
,     RUN 1, 	1209.0	4.481	1.327	0
,     RUN 2, 	1513.0	4.482	0.311	0
,     RUN 3, 	1701.0	4.482	0.439	0
,     RUN 4, 	1611.0	4.482	0.181	0
,     RUN 5, 	1223.0	4.482	2.307	0
][PROBLEM DOMAIN PersonnelScheduling
,   instance 5 
,     RUN 0, 	1621.0	4.481	0.486	0
,     RUN 1, 	1209.0	4.481	1.327	0
,     RUN 2, 	1513.0	4.482	0.311	0
,     RUN 3, 	1701.0	4.482	0.439	0
,     RUN 4, 	1611.0	4.482	0.181	0
,     RUN 5, 	1223.0	4.482	2.307	0
,     RUN 6, 	1521.0	4.482	2.0	0
][PROBLEM DOMAIN PersonnelScheduling
,   instance 5 
,     RUN 0, 	1621.0	4.481	0.486	0
,     RUN 1, 	1209.0	4.481	1.327	0
,     RUN 2, 	1513.0	4.482	0.311	0
,     RUN 3, 	1701.0	4.482	0.439	0
,     RUN 4, 	1611.0	4.482	0.181	0
,     RUN 5, 	1223.0	4.482	2.307	0
,     RUN 6, 	1521.0	4.482	2.0	0
,     RUN 7, 	2229.0	4.482	1.404	0
][PROBLEM DOMAIN PersonnelScheduling
,   instance 5 
,     RUN 0, 	1621.0	4.481	0.486	0
,     RUN 1, 	1209.0	4.481	1.327	0
,     RUN 2, 	1513.0	4.482	0.311	0
,     RUN 3, 	1701.0	4.482	0.439	0
,     RUN 4, 	1611.0	4.482	0.181	0
,     RUN 5, 	1223.0	4.482	2.307	0
,     RUN 6, 	1521.0	4.482	2.0	0
,     RUN 7, 	2229.0	4.482	1.404	0
,     RUN 8, 	1510.0	4.483	1.251	0
][PROBLEM DOMAIN PersonnelScheduling
,   instance 5 
,     RUN 0, 	1621.0	4.481	0.486	0
,     RUN 1, 	1209.0	4.481	1.327	0
,     RUN 2, 	1513.0	4.482	0.311	0
,     RUN 3, 	1701.0	4.482	0.439	0
,     RUN 4, 	1611.0	4.482	0.181	0
,     RUN 5, 	1223.0	4.482	2.307	0
,     RUN 6, 	1521.0	4.482	2.0	0
,     RUN 7, 	2229.0	4.482	1.404	0
,     RUN 8, 	1510.0	4.483	1.251	0
,     RUN 9, 	1618.0	4.483	0.745	0
][PROBLEM DOMAIN PersonnelScheduling
,   instance 5 
,     RUN 0, 	1621.0	4.481	0.486	0
,     RUN 1, 	1209.0	4.481	1.327	0
,     RUN 2, 	1513.0	4.482	0.311	0
,     RUN 3, 	1701.0	4.482	0.439	0
,     RUN 4, 	1611.0	4.482	0.181	0
,     RUN 5, 	1223.0	4.482	2.307	0
,     RUN 6, 	1521.0	4.482	2.0	0
,     RUN 7, 	2229.0	4.482	1.404	0
,     RUN 8, 	1510.0	4.483	1.251	0
,     RUN 9, 	1618.0	4.483	0.745	0
,     RUN 10, 	1628.0	4.483	0.779	0
][PROBLEM DOMAIN PersonnelScheduling
,   instance 5 
,     RUN 0, 	1621.0	4.481	0.486	0
,     RUN 1, 	1209.0	4.481	1.327	0
,     RUN 2, 	1513.0	4.482	0.311	0
,     RUN 3, 	1701.0	4.482	0.439	0
,     RUN 4, 	1611.0	4.482	0.181	0
,     RUN 5, 	1223.0	4.482	2.307	0
,     RUN 6, 	1521.0	4.482	2.0	0
,     RUN 7, 	2229.0	4.482	1.404	0
,     RUN 8, 	1510.0	4.483	1.251	0
,     RUN 9, 	1618.0	4.483	0.745	0
,     RUN 10, 	1628.0	4.483	0.779	0
,     RUN 11, 	1517.0	4.483	0.477	0
][PROBLEM DOMAIN PersonnelScheduling
,   instance 5 
,     RUN 0, 	1621.0	4.481	0.486	0
,     RUN 1, 	1209.0	4.481	1.327	0
,     RUN 2, 	1513.0	4.482	0.311	0
,     RUN 3, 	1701.0	4.482	0.439	0
,     RUN 4, 	1611.0	4.482	0.181	0
,     RUN 5, 	1223.0	4.482	2.307	0
,     RUN 6, 	1521.0	4.482	2.0	0
,     RUN 7, 	2229.0	4.482	1.404	0
,     RUN 8, 	1510.0	4.483	1.251	0
,     RUN 9, 	1618.0	4.483	0.745	0
,     RUN 10, 	1628.0	4.483	0.779	0
,     RUN 11, 	1517.0	4.483	0.477	0
,     RUN 12, 	1633.0	4.483	0.852	0
][PROBLEM DOMAIN PersonnelScheduling
,   instance 5 
,     RUN 0, 	1621.0	4.481	0.486	0
,     RUN 1, 	1209.0	4.481	1.327	0
,     RUN 2, 	1513.0	4.482	0.311	0
,     RUN 3, 	1701.0	4.482	0.439	0
,     RUN 4, 	1611.0	4.482	0.181	0
,     RUN 5, 	1223.0	4.482	2.307	0
,     RUN 6, 	1521.0	4.482	2.0	0
,     RUN 7, 	2229.0	4.482	1.404	0
,     RUN 8, 	1510.0	4.483	1.251	0
,     RUN 9, 	1618.0	4.483	0.745	0
,     RUN 10, 	1628.0	4.483	0.779	0
,     RUN 11, 	1517.0	4.483	0.477	0
,     RUN 12, 	1633.0	4.483	0.852	0
,     RUN 13, 	1511.0	4.483	1.054	0
][PROBLEM DOMAIN PersonnelScheduling
,   instance 5 
,     RUN 0, 	1621.0	4.481	0.486	0
,     RUN 1, 	1209.0	4.481	1.327	0
,     RUN 2, 	1513.0	4.482	0.311	0
,     RUN 3, 	1701.0	4.482	0.439	0
,     RUN 4, 	1611.0	4.482	0.181	0
,     RUN 5, 	1223.0	4.482	2.307	0
,     RUN 6, 	1521.0	4.482	2.0	0
,     RUN 7, 	2229.0	4.482	1.404	0
,     RUN 8, 	1510.0	4.483	1.251	0
,     RUN 9, 	1618.0	4.483	0.745	0
,     RUN 10, 	1628.0	4.483	0.779	0
,     RUN 11, 	1517.0	4.483	0.477	0
,     RUN 12, 	1633.0	4.483	0.852	0
,     RUN 13, 	1511.0	4.483	1.054	0
,     RUN 14, 	1310.0	4.483	0.359	0
][PROBLEM DOMAIN PersonnelScheduling
,   instance 5 
,     RUN 0, 	1621.0	4.481	0.486	0
,     RUN 1, 	1209.0	4.481	1.327	0
,     RUN 2, 	1513.0	4.482	0.311	0
,     RUN 3, 	1701.0	4.482	0.439	0
,     RUN 4, 	1611.0	4.482	0.181	0
,     RUN 5, 	1223.0	4.482	2.307	0
,     RUN 6, 	1521.0	4.482	2.0	0
,     RUN 7, 	2229.0	4.482	1.404	0
,     RUN 8, 	1510.0	4.483	1.251	0
,     RUN 9, 	1618.0	4.483	0.745	0
,     RUN 10, 	1628.0	4.483	0.779	0
,     RUN 11, 	1517.0	4.483	0.477	0
,     RUN 12, 	1633.0	4.483	0.852	0
,     RUN 13, 	1511.0	4.483	1.054	0
,     RUN 14, 	1310.0	4.483	0.359	0
,     RUN 15, 	1418.0	4.484	0.422	0
][PROBLEM DOMAIN PersonnelScheduling
,   instance 5 
,     RUN 0, 	1621.0	4.481	0.486	0
,     RUN 1, 	1209.0	4.481	1.327	0
,     RUN 2, 	1513.0	4.482	0.311	0
,     RUN 3, 	1701.0	4.482	0.439	0
,     RUN 4, 	1611.0	4.482	0.181	0
,     RUN 5, 	1223.0	4.482	2.307	0
,     RUN 6, 	1521.0	4.482	2.0	0
,     RUN 7, 	2229.0	4.482	1.404	0
,     RUN 8, 	1510.0	4.483	1.251	0
,     RUN 9, 	1618.0	4.483	0.745	0
,     RUN 10, 	1628.0	4.483	0.779	0
,     RUN 11, 	1517.0	4.483	0.477	0
,     RUN 12, 	1633.0	4.483	0.852	0
,     RUN 13, 	1511.0	4.483	1.054	0
,     RUN 14, 	1310.0	4.483	0.359	0
,     RUN 15, 	1418.0	4.484	0.422	0
,     RUN 16, 	1724.0	4.484	0.35	0
][PROBLEM DOMAIN PersonnelScheduling
,   instance 5 
,     RUN 0, 	1621.0	4.481	0.486	0
,     RUN 1, 	1209.0	4.481	1.327	0
,     RUN 2, 	1513.0	4.482	0.311	0
,     RUN 3, 	1701.0	4.482	0.439	0
,     RUN 4, 	1611.0	4.482	0.181	0
,     RUN 5, 	1223.0	4.482	2.307	0
,     RUN 6, 	1521.0	4.482	2.0	0
,     RUN 7, 	2229.0	4.482	1.404	0
,     RUN 8, 	1510.0	4.483	1.251	0
,     RUN 9, 	1618.0	4.483	0.745	0
,     RUN 10, 	1628.0	4.483	0.779	0
,     RUN 11, 	1517.0	4.483	0.477	0
,     RUN 12, 	1633.0	4.483	0.852	0
,     RUN 13, 	1511.0	4.483	1.054	0
,     RUN 14, 	1310.0	4.483	0.359	0
,     RUN 15, 	1418.0	4.484	0.422	0
,     RUN 16, 	1724.0	4.484	0.35	0
,     RUN 17, 	1300.0	4.484	0.443	0
][PROBLEM DOMAIN PersonnelScheduling
,   instance 5 
,     RUN 0, 	1621.0	4.481	0.486	0
,     RUN 1, 	1209.0	4.481	1.327	0
,     RUN 2, 	1513.0	4.482	0.311	0
,     RUN 3, 	1701.0	4.482	0.439	0
,     RUN 4, 	1611.0	4.482	0.181	0
,     RUN 5, 	1223.0	4.482	2.307	0
,     RUN 6, 	1521.0	4.482	2.0	0
,     RUN 7, 	2229.0	4.482	1.404	0
,     RUN 8, 	1510.0	4.483	1.251	0
,     RUN 9, 	1618.0	4.483	0.745	0
,     RUN 10, 	1628.0	4.483	0.779	0
,     RUN 11, 	1517.0	4.483	0.477	0
,     RUN 12, 	1633.0	4.483	0.852	0
,     RUN 13, 	1511.0	4.483	1.054	0
,     RUN 14, 	1310.0	4.483	0.359	0
,     RUN 15, 	1418.0	4.484	0.422	0
,     RUN 16, 	1724.0	4.484	0.35	0
,     RUN 17, 	1300.0	4.484	0.443	0
,     RUN 18, 	1632.0	4.484	0.287	0
][PROBLEM DOMAIN PersonnelScheduling
,   instance 5 
,     RUN 0, 	1621.0	4.481	0.486	0
,     RUN 1, 	1209.0	4.481	1.327	0
,     RUN 2, 	1513.0	4.482	0.311	0
,     RUN 3, 	1701.0	4.482	0.439	0
,     RUN 4, 	1611.0	4.482	0.181	0
,     RUN 5, 	1223.0	4.482	2.307	0
,     RUN 6, 	1521.0	4.482	2.0	0
,     RUN 7, 	2229.0	4.482	1.404	0
,     RUN 8, 	1510.0	4.483	1.251	0
,     RUN 9, 	1618.0	4.483	0.745	0
,     RUN 10, 	1628.0	4.483	0.779	0
,     RUN 11, 	1517.0	4.483	0.477	0
,     RUN 12, 	1633.0	4.483	0.852	0
,     RUN 13, 	1511.0	4.483	1.054	0
,     RUN 14, 	1310.0	4.483	0.359	0
,     RUN 15, 	1418.0	4.484	0.422	0
,     RUN 16, 	1724.0	4.484	0.35	0
,     RUN 17, 	1300.0	4.484	0.443	0
,     RUN 18, 	1632.0	4.484	0.287	0
,     RUN 19, 	1918.0	4.484	0.218	0
][PROBLEM DOMAIN PersonnelScheduling
,   instance 5 
,     RUN 0, 	1621.0	4.481	0.486	0
,     RUN 1, 	1209.0	4.481	1.327	0
,     RUN 2, 	1513.0	4.482	0.311	0
,     RUN 3, 	1701.0	4.482	0.439	0
,     RUN 4, 	1611.0	4.482	0.181	0
,     RUN 5, 	1223.0	4.482	2.307	0
,     RUN 6, 	1521.0	4.482	2.0	0
,     RUN 7, 	2229.0	4.482	1.404	0
,     RUN 8, 	1510.0	4.483	1.251	0
,     RUN 9, 	1618.0	4.483	0.745	0
,     RUN 10, 	1628.0	4.483	0.779	0
,     RUN 11, 	1517.0	4.483	0.477	0
,     RUN 12, 	1633.0	4.483	0.852	0
,     RUN 13, 	1511.0	4.483	1.054	0
,     RUN 14, 	1310.0	4.483	0.359	0
,     RUN 15, 	1418.0	4.484	0.422	0
,     RUN 16, 	1724.0	4.484	0.35	0
,     RUN 17, 	1300.0	4.484	0.443	0
,     RUN 18, 	1632.0	4.484	0.287	0
,     RUN 19, 	1918.0	4.484	0.218	0
,     RUN 20, 	1696.0	4.485	0.283	0
][PROBLEM DOMAIN PersonnelScheduling
,   instance 5 
,     RUN 0, 	1621.0	4.481	0.486	0
,     RUN 1, 	1209.0	4.481	1.327	0
,     RUN 2, 	1513.0	4.482	0.311	0
,     RUN 3, 	1701.0	4.482	0.439	0
,     RUN 4, 	1611.0	4.482	0.181	0
,     RUN 5, 	1223.0	4.482	2.307	0
,     RUN 6, 	1521.0	4.482	2.0	0
,     RUN 7, 	2229.0	4.482	1.404	0
,     RUN 8, 	1510.0	4.483	1.251	0
,     RUN 9, 	1618.0	4.483	0.745	0
,     RUN 10, 	1628.0	4.483	0.779	0
,     RUN 11, 	1517.0	4.483	0.477	0
,     RUN 12, 	1633.0	4.483	0.852	0
,     RUN 13, 	1511.0	4.483	1.054	0
,     RUN 14, 	1310.0	4.483	0.359	0
,     RUN 15, 	1418.0	4.484	0.422	0
,     RUN 16, 	1724.0	4.484	0.35	0
,     RUN 17, 	1300.0	4.484	0.443	0
,     RUN 18, 	1632.0	4.484	0.287	0
,     RUN 19, 	1918.0	4.484	0.218	0
,     RUN 20, 	1696.0	4.485	0.283	0
,     RUN 21, 	2006.0	4.485	0.199	0
][PROBLEM DOMAIN PersonnelScheduling
,   instance 5 
,     RUN 0, 	1621.0	4.481	0.486	0
,     RUN 1, 	1209.0	4.481	1.327	0
,     RUN 2, 	1513.0	4.482	0.311	0
,     RUN 3, 	1701.0	4.482	0.439	0
,     RUN 4, 	1611.0	4.482	0.181	0
,     RUN 5, 	1223.0	4.482	2.307	0
,     RUN 6, 	1521.0	4.482	2.0	0
,     RUN 7, 	2229.0	4.482	1.404	0
,     RUN 8, 	1510.0	4.483	1.251	0
,     RUN 9, 	1618.0	4.483	0.745	0
,     RUN 10, 	1628.0	4.483	0.779	0
,     RUN 11, 	1517.0	4.483	0.477	0
,     RUN 12, 	1633.0	4.483	0.852	0
,     RUN 13, 	1511.0	4.483	1.054	0
,     RUN 14, 	1310.0	4.483	0.359	0
,     RUN 15, 	1418.0	4.484	0.422	0
,     RUN 16, 	1724.0	4.484	0.35	0
,     RUN 17, 	1300.0	4.484	0.443	0
,     RUN 18, 	1632.0	4.484	0.287	0
,     RUN 19, 	1918.0	4.484	0.218	0
,     RUN 20, 	1696.0	4.485	0.283	0
,     RUN 21, 	2006.0	4.485	0.199	0
,     RUN 22, 	1818.0	4.485	0.347	0
][PROBLEM DOMAIN PersonnelScheduling
,   instance 5 
,     RUN 0, 	1621.0	4.481	0.486	0
,     RUN 1, 	1209.0	4.481	1.327	0
,     RUN 2, 	1513.0	4.482	0.311	0
,     RUN 3, 	1701.0	4.482	0.439	0
,     RUN 4, 	1611.0	4.482	0.181	0
,     RUN 5, 	1223.0	4.482	2.307	0
,     RUN 6, 	1521.0	4.482	2.0	0
,     RUN 7, 	2229.0	4.482	1.404	0
,     RUN 8, 	1510.0	4.483	1.251	0
,     RUN 9, 	1618.0	4.483	0.745	0
,     RUN 10, 	1628.0	4.483	0.779	0
,     RUN 11, 	1517.0	4.483	0.477	0
,     RUN 12, 	1633.0	4.483	0.852	0
,     RUN 13, 	1511.0	4.483	1.054	0
,     RUN 14, 	1310.0	4.483	0.359	0
,     RUN 15, 	1418.0	4.484	0.422	0
,     RUN 16, 	1724.0	4.484	0.35	0
,     RUN 17, 	1300.0	4.484	0.443	0
,     RUN 18, 	1632.0	4.484	0.287	0
,     RUN 19, 	1918.0	4.484	0.218	0
,     RUN 20, 	1696.0	4.485	0.283	0
,     RUN 21, 	2006.0	4.485	0.199	0
,     RUN 22, 	1818.0	4.485	0.347	0
,     RUN 23, 	1626.0	4.485	0.218	0
][PROBLEM DOMAIN PersonnelScheduling
,   instance 5 
,     RUN 0, 	1621.0	4.481	0.486	0
,     RUN 1, 	1209.0	4.481	1.327	0
,     RUN 2, 	1513.0	4.482	0.311	0
,     RUN 3, 	1701.0	4.482	0.439	0
,     RUN 4, 	1611.0	4.482	0.181	0
,     RUN 5, 	1223.0	4.482	2.307	0
,     RUN 6, 	1521.0	4.482	2.0	0
,     RUN 7, 	2229.0	4.482	1.404	0
,     RUN 8, 	1510.0	4.483	1.251	0
,     RUN 9, 	1618.0	4.483	0.745	0
,     RUN 10, 	1628.0	4.483	0.779	0
,     RUN 11, 	1517.0	4.483	0.477	0
,     RUN 12, 	1633.0	4.483	0.852	0
,     RUN 13, 	1511.0	4.483	1.054	0
,     RUN 14, 	1310.0	4.483	0.359	0
,     RUN 15, 	1418.0	4.484	0.422	0
,     RUN 16, 	1724.0	4.484	0.35	0
,     RUN 17, 	1300.0	4.484	0.443	0
,     RUN 18, 	1632.0	4.484	0.287	0
,     RUN 19, 	1918.0	4.484	0.218	0
,     RUN 20, 	1696.0	4.485	0.283	0
,     RUN 21, 	2006.0	4.485	0.199	0
,     RUN 22, 	1818.0	4.485	0.347	0
,     RUN 23, 	1626.0	4.485	0.218	0
,     RUN 24, 	2210.0	4.485	0.156	0
][PROBLEM DOMAIN PersonnelScheduling
,   instance 5 
,     RUN 0, 	1621.0	4.481	0.486	0
,     RUN 1, 	1209.0	4.481	1.327	0
,     RUN 2, 	1513.0	4.482	0.311	0
,     RUN 3, 	1701.0	4.482	0.439	0
,     RUN 4, 	1611.0	4.482	0.181	0
,     RUN 5, 	1223.0	4.482	2.307	0
,     RUN 6, 	1521.0	4.482	2.0	0
,     RUN 7, 	2229.0	4.482	1.404	0
,     RUN 8, 	1510.0	4.483	1.251	0
,     RUN 9, 	1618.0	4.483	0.745	0
,     RUN 10, 	1628.0	4.483	0.779	0
,     RUN 11, 	1517.0	4.483	0.477	0
,     RUN 12, 	1633.0	4.483	0.852	0
,     RUN 13, 	1511.0	4.483	1.054	0
,     RUN 14, 	1310.0	4.483	0.359	0
,     RUN 15, 	1418.0	4.484	0.422	0
,     RUN 16, 	1724.0	4.484	0.35	0
,     RUN 17, 	1300.0	4.484	0.443	0
,     RUN 18, 	1632.0	4.484	0.287	0
,     RUN 19, 	1918.0	4.484	0.218	0
,     RUN 20, 	1696.0	4.485	0.283	0
,     RUN 21, 	2006.0	4.485	0.199	0
,     RUN 22, 	1818.0	4.485	0.347	0
,     RUN 23, 	1626.0	4.485	0.218	0
,     RUN 24, 	2210.0	4.485	0.156	0
,     RUN 25, 	1995.0	4.485	0.206	0
][PROBLEM DOMAIN PersonnelScheduling
,   instance 5 
,     RUN 0, 	1621.0	4.481	0.486	0
,     RUN 1, 	1209.0	4.481	1.327	0
,     RUN 2, 	1513.0	4.482	0.311	0
,     RUN 3, 	1701.0	4.482	0.439	0
,     RUN 4, 	1611.0	4.482	0.181	0
,     RUN 5, 	1223.0	4.482	2.307	0
,     RUN 6, 	1521.0	4.482	2.0	0
,     RUN 7, 	2229.0	4.482	1.404	0
,     RUN 8, 	1510.0	4.483	1.251	0
,     RUN 9, 	1618.0	4.483	0.745	0
,     RUN 10, 	1628.0	4.483	0.779	0
,     RUN 11, 	1517.0	4.483	0.477	0
,     RUN 12, 	1633.0	4.483	0.852	0
,     RUN 13, 	1511.0	4.483	1.054	0
,     RUN 14, 	1310.0	4.483	0.359	0
,     RUN 15, 	1418.0	4.484	0.422	0
,     RUN 16, 	1724.0	4.484	0.35	0
,     RUN 17, 	1300.0	4.484	0.443	0
,     RUN 18, 	1632.0	4.484	0.287	0
,     RUN 19, 	1918.0	4.484	0.218	0
,     RUN 20, 	1696.0	4.485	0.283	0
,     RUN 21, 	2006.0	4.485	0.199	0
,     RUN 22, 	1818.0	4.485	0.347	0
,     RUN 23, 	1626.0	4.485	0.218	0
,     RUN 24, 	2210.0	4.485	0.156	0
,     RUN 25, 	1995.0	4.485	0.206	0
,     RUN 26, 	1602.0	4.486	0.257	0
][PROBLEM DOMAIN PersonnelScheduling
,   instance 5 
,     RUN 0, 	1621.0	4.481	0.486	0
,     RUN 1, 	1209.0	4.481	1.327	0
,     RUN 2, 	1513.0	4.482	0.311	0
,     RUN 3, 	1701.0	4.482	0.439	0
,     RUN 4, 	1611.0	4.482	0.181	0
,     RUN 5, 	1223.0	4.482	2.307	0
,     RUN 6, 	1521.0	4.482	2.0	0
,     RUN 7, 	2229.0	4.482	1.404	0
,     RUN 8, 	1510.0	4.483	1.251	0
,     RUN 9, 	1618.0	4.483	0.745	0
,     RUN 10, 	1628.0	4.483	0.779	0
,     RUN 11, 	1517.0	4.483	0.477	0
,     RUN 12, 	1633.0	4.483	0.852	0
,     RUN 13, 	1511.0	4.483	1.054	0
,     RUN 14, 	1310.0	4.483	0.359	0
,     RUN 15, 	1418.0	4.484	0.422	0
,     RUN 16, 	1724.0	4.484	0.35	0
,     RUN 17, 	1300.0	4.484	0.443	0
,     RUN 18, 	1632.0	4.484	0.287	0
,     RUN 19, 	1918.0	4.484	0.218	0
,     RUN 20, 	1696.0	4.485	0.283	0
,     RUN 21, 	2006.0	4.485	0.199	0
,     RUN 22, 	1818.0	4.485	0.347	0
,     RUN 23, 	1626.0	4.485	0.218	0
,     RUN 24, 	2210.0	4.485	0.156	0
,     RUN 25, 	1995.0	4.485	0.206	0
,     RUN 26, 	1602.0	4.486	0.257	0
,     RUN 27, 	1806.0	4.486	0.448	0
][PROBLEM DOMAIN PersonnelScheduling
,   instance 5 
,     RUN 0, 	1621.0	4.481	0.486	0
,     RUN 1, 	1209.0	4.481	1.327	0
,     RUN 2, 	1513.0	4.482	0.311	0
,     RUN 3, 	1701.0	4.482	0.439	0
,     RUN 4, 	1611.0	4.482	0.181	0
,     RUN 5, 	1223.0	4.482	2.307	0
,     RUN 6, 	1521.0	4.482	2.0	0
,     RUN 7, 	2229.0	4.482	1.404	0
,     RUN 8, 	1510.0	4.483	1.251	0
,     RUN 9, 	1618.0	4.483	0.745	0
,     RUN 10, 	1628.0	4.483	0.779	0
,     RUN 11, 	1517.0	4.483	0.477	0
,     RUN 12, 	1633.0	4.483	0.852	0
,     RUN 13, 	1511.0	4.483	1.054	0
,     RUN 14, 	1310.0	4.483	0.359	0
,     RUN 15, 	1418.0	4.484	0.422	0
,     RUN 16, 	1724.0	4.484	0.35	0
,     RUN 17, 	1300.0	4.484	0.443	0
,     RUN 18, 	1632.0	4.484	0.287	0
,     RUN 19, 	1918.0	4.484	0.218	0
,     RUN 20, 	1696.0	4.485	0.283	0
,     RUN 21, 	2006.0	4.485	0.199	0
,     RUN 22, 	1818.0	4.485	0.347	0
,     RUN 23, 	1626.0	4.485	0.218	0
,     RUN 24, 	2210.0	4.485	0.156	0
,     RUN 25, 	1995.0	4.485	0.206	0
,     RUN 26, 	1602.0	4.486	0.257	0
,     RUN 27, 	1806.0	4.486	0.448	0
,     RUN 28, 	1510.0	4.486	0.437	0
][PROBLEM DOMAIN PersonnelScheduling
,   instance 5 
,     RUN 0, 	1621.0	4.481	0.486	0
,     RUN 1, 	1209.0	4.481	1.327	0
,     RUN 2, 	1513.0	4.482	0.311	0
,     RUN 3, 	1701.0	4.482	0.439	0
,     RUN 4, 	1611.0	4.482	0.181	0
,     RUN 5, 	1223.0	4.482	2.307	0
,     RUN 6, 	1521.0	4.482	2.0	0
,     RUN 7, 	2229.0	4.482	1.404	0
,     RUN 8, 	1510.0	4.483	1.251	0
,     RUN 9, 	1618.0	4.483	0.745	0
,     RUN 10, 	1628.0	4.483	0.779	0
,     RUN 11, 	1517.0	4.483	0.477	0
,     RUN 12, 	1633.0	4.483	0.852	0
,     RUN 13, 	1511.0	4.483	1.054	0
,     RUN 14, 	1310.0	4.483	0.359	0
,     RUN 15, 	1418.0	4.484	0.422	0
,     RUN 16, 	1724.0	4.484	0.35	0
,     RUN 17, 	1300.0	4.484	0.443	0
,     RUN 18, 	1632.0	4.484	0.287	0
,     RUN 19, 	1918.0	4.484	0.218	0
,     RUN 20, 	1696.0	4.485	0.283	0
,     RUN 21, 	2006.0	4.485	0.199	0
,     RUN 22, 	1818.0	4.485	0.347	0
,     RUN 23, 	1626.0	4.485	0.218	0
,     RUN 24, 	2210.0	4.485	0.156	0
,     RUN 25, 	1995.0	4.485	0.206	0
,     RUN 26, 	1602.0	4.486	0.257	0
,     RUN 27, 	1806.0	4.486	0.448	0
,     RUN 28, 	1510.0	4.486	0.437	0
,     RUN 29, 	1614.0	4.486	0.256	0
][PROBLEM DOMAIN PersonnelScheduling
,   instance 5 
,     RUN 0, 	1621.0	4.481	0.486	0
,     RUN 1, 	1209.0	4.481	1.327	0
,     RUN 2, 	1513.0	4.482	0.311	0
,     RUN 3, 	1701.0	4.482	0.439	0
,     RUN 4, 	1611.0	4.482	0.181	0
,     RUN 5, 	1223.0	4.482	2.307	0
,     RUN 6, 	1521.0	4.482	2.0	0
,     RUN 7, 	2229.0	4.482	1.404	0
,     RUN 8, 	1510.0	4.483	1.251	0
,     RUN 9, 	1618.0	4.483	0.745	0
,     RUN 10, 	1628.0	4.483	0.779	0
,     RUN 11, 	1517.0	4.483	0.477	0
,     RUN 12, 	1633.0	4.483	0.852	0
,     RUN 13, 	1511.0	4.483	1.054	0
,     RUN 14, 	1310.0	4.483	0.359	0
,     RUN 15, 	1418.0	4.484	0.422	0
,     RUN 16, 	1724.0	4.484	0.35	0
,     RUN 17, 	1300.0	4.484	0.443	0
,     RUN 18, 	1632.0	4.484	0.287	0
,     RUN 19, 	1918.0	4.484	0.218	0
,     RUN 20, 	1696.0	4.485	0.283	0
,     RUN 21, 	2006.0	4.485	0.199	0
,     RUN 22, 	1818.0	4.485	0.347	0
,     RUN 23, 	1626.0	4.485	0.218	0
,     RUN 24, 	2210.0	4.485	0.156	0
,     RUN 25, 	1995.0	4.485	0.206	0
,     RUN 26, 	1602.0	4.486	0.257	0
,     RUN 27, 	1806.0	4.486	0.448	0
,     RUN 28, 	1510.0	4.486	0.437	0
,     RUN 29, 	1614.0	4.486	0.256	0
,     RUN 30, 	1025.0	4.486	0.241	0
]