81469.54678337651 
79456.58780662551 
78774.8272772487 
78564.19222813344 
79969.61906303765 
81829.53356746634 
78749.9388135351 
78875.68360892367 
81197.27507924756 
78136.11732884106 
78959.03372575121 
79209.68017347316 
79376.11828651936 
80137.9270505884 
79331.95155201844 
78438.94458283855 
82303.11929277409 
80848.57313791479 
79651.47938986056 
81470.68403532785 
76969.83034553869 
78451.37293116502 
78557.14243695565 
78321.24643095177 
79924.79693165394 
79530.0120807065 
77889.42500895204 
78973.93266109498 
79897.83269266954 
78180.13801818142 
80016.97240551077 
