58288.14771559174 
65456.08439352203 
65482.34738075291 
60291.29649825715 
63724.41746615867 
64865.18200847707 
60091.79327081578 
67024.39255861333 
60666.79162202813 
65951.03007695716 
60829.97418918569 
59260.09704137321 
64754.98320997212 
58496.53580145422 
62319.88693037179 
63001.84751182565 
60417.28136558289 
68327.86851642746 
63925.10825574286 
65562.51564136987 
64915.34868441932 
60043.894063296044 
64242.969982763985 
66336.57064633993 
67999.08243046657 
59970.169860883114 
66119.32896905926 
59894.59467750449 
64363.8231926831 
65811.24282314038 
61101.26135630855 
