2.496452556556699E7 
2.5165925378246147E7 
2.48430095689857E7 
2.4988131000393156E7 
2.505807810970263E7 
2.5180475723520778E7 
2.5030152516269106E7 
2.4874046272395454E7 
2.4988297213571016E7 
2.495849511587063E7 
2.5130510917958744E7 
2.5082481688440472E7 
2.509183409103939E7 
2.5104701312490266E7 
2.485373413016694E7 
2.504447040120793E7 
2.5067271752700835E7 
2.5131254396643437E7 
2.5389489619287748E7 
2.4831254337271035E7 
2.508841508247594E7 
2.483366403639177E7 
2.4782980154115792E7 
2.5057804410529625E7 
2.5372443931208868E7 
2.5361342266329225E7 
2.526438365296313E7 
2.495254272024276E7 
2.5148702802000698E7 
2.5044264024364196E7 
2.5071888391919777E7 
