[PROBLEM DOMAIN TSP
,   instance 0 
,     RUN 0, 	58288.14771559174	0.045	16.898	11273
][PROBLEM DOMAIN TSP
,   instance 0 
,     RUN 0, 	58288.14771559174	0.045	16.898	11273
,     RUN 1, 	65456.08439352203	0.045	18.907	14158
][PROBLEM DOMAIN TSP
,   instance 0 
,     RUN 0, 	58288.14771559174	0.045	16.898	11273
,     RUN 1, 	65456.08439352203	0.045	18.907	14158
,     RUN 2, 	65482.34738075291	0.045	22.157	16748
][PROBLEM DOMAIN TSP
,   instance 0 
,     RUN 0, 	58288.14771559174	0.045	16.898	11273
,     RUN 1, 	65456.08439352203	0.045	18.907	14158
,     RUN 2, 	65482.34738075291	0.045	22.157	16748
,     RUN 3, 	60291.29649825715	0.046	17.058	21593
][PROBLEM DOMAIN TSP
,   instance 0 
,     RUN 0, 	58288.14771559174	0.045	16.898	11273
,     RUN 1, 	65456.08439352203	0.045	18.907	14158
,     RUN 2, 	65482.34738075291	0.045	22.157	16748
,     RUN 3, 	60291.29649825715	0.046	17.058	21593
,     RUN 4, 	63724.41746615867	0.046	21.237	17405
][PROBLEM DOMAIN TSP
,   instance 0 
,     RUN 0, 	58288.14771559174	0.045	16.898	11273
,     RUN 1, 	65456.08439352203	0.045	18.907	14158
,     RUN 2, 	65482.34738075291	0.045	22.157	16748
,     RUN 3, 	60291.29649825715	0.046	17.058	21593
,     RUN 4, 	63724.41746615867	0.046	21.237	17405
,     RUN 5, 	64865.18200847707	0.046	16.534	19980
][PROBLEM DOMAIN TSP
,   instance 0 
,     RUN 0, 	58288.14771559174	0.045	16.898	11273
,     RUN 1, 	65456.08439352203	0.045	18.907	14158
,     RUN 2, 	65482.34738075291	0.045	22.157	16748
,     RUN 3, 	60291.29649825715	0.046	17.058	21593
,     RUN 4, 	63724.41746615867	0.046	21.237	17405
,     RUN 5, 	64865.18200847707	0.046	16.534	19980
,     RUN 6, 	60091.79327081578	0.046	19.817	15475
][PROBLEM DOMAIN TSP
,   instance 0 
,     RUN 0, 	58288.14771559174	0.045	16.898	11273
,     RUN 1, 	65456.08439352203	0.045	18.907	14158
,     RUN 2, 	65482.34738075291	0.045	22.157	16748
,     RUN 3, 	60291.29649825715	0.046	17.058	21593
,     RUN 4, 	63724.41746615867	0.046	21.237	17405
,     RUN 5, 	64865.18200847707	0.046	16.534	19980
,     RUN 6, 	60091.79327081578	0.046	19.817	15475
,     RUN 7, 	67024.39255861333	0.046	19.259	17626
][PROBLEM DOMAIN TSP
,   instance 0 
,     RUN 0, 	58288.14771559174	0.045	16.898	11273
,     RUN 1, 	65456.08439352203	0.045	18.907	14158
,     RUN 2, 	65482.34738075291	0.045	22.157	16748
,     RUN 3, 	60291.29649825715	0.046	17.058	21593
,     RUN 4, 	63724.41746615867	0.046	21.237	17405
,     RUN 5, 	64865.18200847707	0.046	16.534	19980
,     RUN 6, 	60091.79327081578	0.046	19.817	15475
,     RUN 7, 	67024.39255861333	0.046	19.259	17626
,     RUN 8, 	60666.79162202813	0.047	22.218	18222
][PROBLEM DOMAIN TSP
,   instance 0 
,     RUN 0, 	58288.14771559174	0.045	16.898	11273
,     RUN 1, 	65456.08439352203	0.045	18.907	14158
,     RUN 2, 	65482.34738075291	0.045	22.157	16748
,     RUN 3, 	60291.29649825715	0.046	17.058	21593
,     RUN 4, 	63724.41746615867	0.046	21.237	17405
,     RUN 5, 	64865.18200847707	0.046	16.534	19980
,     RUN 6, 	60091.79327081578	0.046	19.817	15475
,     RUN 7, 	67024.39255861333	0.046	19.259	17626
,     RUN 8, 	60666.79162202813	0.047	22.218	18222
,     RUN 9, 	65951.03007695716	0.047	21.207	17853
][PROBLEM DOMAIN TSP
,   instance 0 
,     RUN 0, 	58288.14771559174	0.045	16.898	11273
,     RUN 1, 	65456.08439352203	0.045	18.907	14158
,     RUN 2, 	65482.34738075291	0.045	22.157	16748
,     RUN 3, 	60291.29649825715	0.046	17.058	21593
,     RUN 4, 	63724.41746615867	0.046	21.237	17405
,     RUN 5, 	64865.18200847707	0.046	16.534	19980
,     RUN 6, 	60091.79327081578	0.046	19.817	15475
,     RUN 7, 	67024.39255861333	0.046	19.259	17626
,     RUN 8, 	60666.79162202813	0.047	22.218	18222
,     RUN 9, 	65951.03007695716	0.047	21.207	17853
,     RUN 10, 	60829.97418918569	0.047	20.422	17150
][PROBLEM DOMAIN TSP
,   instance 0 
,     RUN 0, 	58288.14771559174	0.045	16.898	11273
,     RUN 1, 	65456.08439352203	0.045	18.907	14158
,     RUN 2, 	65482.34738075291	0.045	22.157	16748
,     RUN 3, 	60291.29649825715	0.046	17.058	21593
,     RUN 4, 	63724.41746615867	0.046	21.237	17405
,     RUN 5, 	64865.18200847707	0.046	16.534	19980
,     RUN 6, 	60091.79327081578	0.046	19.817	15475
,     RUN 7, 	67024.39255861333	0.046	19.259	17626
,     RUN 8, 	60666.79162202813	0.047	22.218	18222
,     RUN 9, 	65951.03007695716	0.047	21.207	17853
,     RUN 10, 	60829.97418918569	0.047	20.422	17150
,     RUN 11, 	59260.09704137321	0.047	20.73	19068
][PROBLEM DOMAIN TSP
,   instance 0 
,     RUN 0, 	58288.14771559174	0.045	16.898	11273
,     RUN 1, 	65456.08439352203	0.045	18.907	14158
,     RUN 2, 	65482.34738075291	0.045	22.157	16748
,     RUN 3, 	60291.29649825715	0.046	17.058	21593
,     RUN 4, 	63724.41746615867	0.046	21.237	17405
,     RUN 5, 	64865.18200847707	0.046	16.534	19980
,     RUN 6, 	60091.79327081578	0.046	19.817	15475
,     RUN 7, 	67024.39255861333	0.046	19.259	17626
,     RUN 8, 	60666.79162202813	0.047	22.218	18222
,     RUN 9, 	65951.03007695716	0.047	21.207	17853
,     RUN 10, 	60829.97418918569	0.047	20.422	17150
,     RUN 11, 	59260.09704137321	0.047	20.73	19068
,     RUN 12, 	64754.98320997212	0.047	18.093	16259
][PROBLEM DOMAIN TSP
,   instance 0 
,     RUN 0, 	58288.14771559174	0.045	16.898	11273
,     RUN 1, 	65456.08439352203	0.045	18.907	14158
,     RUN 2, 	65482.34738075291	0.045	22.157	16748
,     RUN 3, 	60291.29649825715	0.046	17.058	21593
,     RUN 4, 	63724.41746615867	0.046	21.237	17405
,     RUN 5, 	64865.18200847707	0.046	16.534	19980
,     RUN 6, 	60091.79327081578	0.046	19.817	15475
,     RUN 7, 	67024.39255861333	0.046	19.259	17626
,     RUN 8, 	60666.79162202813	0.047	22.218	18222
,     RUN 9, 	65951.03007695716	0.047	21.207	17853
,     RUN 10, 	60829.97418918569	0.047	20.422	17150
,     RUN 11, 	59260.09704137321	0.047	20.73	19068
,     RUN 12, 	64754.98320997212	0.047	18.093	16259
,     RUN 13, 	58496.53580145422	0.047	20.191	18859
][PROBLEM DOMAIN TSP
,   instance 0 
,     RUN 0, 	58288.14771559174	0.045	16.898	11273
,     RUN 1, 	65456.08439352203	0.045	18.907	14158
,     RUN 2, 	65482.34738075291	0.045	22.157	16748
,     RUN 3, 	60291.29649825715	0.046	17.058	21593
,     RUN 4, 	63724.41746615867	0.046	21.237	17405
,     RUN 5, 	64865.18200847707	0.046	16.534	19980
,     RUN 6, 	60091.79327081578	0.046	19.817	15475
,     RUN 7, 	67024.39255861333	0.046	19.259	17626
,     RUN 8, 	60666.79162202813	0.047	22.218	18222
,     RUN 9, 	65951.03007695716	0.047	21.207	17853
,     RUN 10, 	60829.97418918569	0.047	20.422	17150
,     RUN 11, 	59260.09704137321	0.047	20.73	19068
,     RUN 12, 	64754.98320997212	0.047	18.093	16259
,     RUN 13, 	58496.53580145422	0.047	20.191	18859
,     RUN 14, 	62319.88693037179	0.047	19.9	17552
][PROBLEM DOMAIN TSP
,   instance 0 
,     RUN 0, 	58288.14771559174	0.045	16.898	11273
,     RUN 1, 	65456.08439352203	0.045	18.907	14158
,     RUN 2, 	65482.34738075291	0.045	22.157	16748
,     RUN 3, 	60291.29649825715	0.046	17.058	21593
,     RUN 4, 	63724.41746615867	0.046	21.237	17405
,     RUN 5, 	64865.18200847707	0.046	16.534	19980
,     RUN 6, 	60091.79327081578	0.046	19.817	15475
,     RUN 7, 	67024.39255861333	0.046	19.259	17626
,     RUN 8, 	60666.79162202813	0.047	22.218	18222
,     RUN 9, 	65951.03007695716	0.047	21.207	17853
,     RUN 10, 	60829.97418918569	0.047	20.422	17150
,     RUN 11, 	59260.09704137321	0.047	20.73	19068
,     RUN 12, 	64754.98320997212	0.047	18.093	16259
,     RUN 13, 	58496.53580145422	0.047	20.191	18859
,     RUN 14, 	62319.88693037179	0.047	19.9	17552
,     RUN 15, 	63001.84751182565	0.048	17.661	16805
][PROBLEM DOMAIN TSP
,   instance 0 
,     RUN 0, 	58288.14771559174	0.045	16.898	11273
,     RUN 1, 	65456.08439352203	0.045	18.907	14158
,     RUN 2, 	65482.34738075291	0.045	22.157	16748
,     RUN 3, 	60291.29649825715	0.046	17.058	21593
,     RUN 4, 	63724.41746615867	0.046	21.237	17405
,     RUN 5, 	64865.18200847707	0.046	16.534	19980
,     RUN 6, 	60091.79327081578	0.046	19.817	15475
,     RUN 7, 	67024.39255861333	0.046	19.259	17626
,     RUN 8, 	60666.79162202813	0.047	22.218	18222
,     RUN 9, 	65951.03007695716	0.047	21.207	17853
,     RUN 10, 	60829.97418918569	0.047	20.422	17150
,     RUN 11, 	59260.09704137321	0.047	20.73	19068
,     RUN 12, 	64754.98320997212	0.047	18.093	16259
,     RUN 13, 	58496.53580145422	0.047	20.191	18859
,     RUN 14, 	62319.88693037179	0.047	19.9	17552
,     RUN 15, 	63001.84751182565	0.048	17.661	16805
,     RUN 16, 	60417.28136558289	0.048	14.653	19533
][PROBLEM DOMAIN TSP
,   instance 0 
,     RUN 0, 	58288.14771559174	0.045	16.898	11273
,     RUN 1, 	65456.08439352203	0.045	18.907	14158
,     RUN 2, 	65482.34738075291	0.045	22.157	16748
,     RUN 3, 	60291.29649825715	0.046	17.058	21593
,     RUN 4, 	63724.41746615867	0.046	21.237	17405
,     RUN 5, 	64865.18200847707	0.046	16.534	19980
,     RUN 6, 	60091.79327081578	0.046	19.817	15475
,     RUN 7, 	67024.39255861333	0.046	19.259	17626
,     RUN 8, 	60666.79162202813	0.047	22.218	18222
,     RUN 9, 	65951.03007695716	0.047	21.207	17853
,     RUN 10, 	60829.97418918569	0.047	20.422	17150
,     RUN 11, 	59260.09704137321	0.047	20.73	19068
,     RUN 12, 	64754.98320997212	0.047	18.093	16259
,     RUN 13, 	58496.53580145422	0.047	20.191	18859
,     RUN 14, 	62319.88693037179	0.047	19.9	17552
,     RUN 15, 	63001.84751182565	0.048	17.661	16805
,     RUN 16, 	60417.28136558289	0.048	14.653	19533
,     RUN 17, 	68327.86851642746	0.048	17.126	17923
][PROBLEM DOMAIN TSP
,   instance 0 
,     RUN 0, 	58288.14771559174	0.045	16.898	11273
,     RUN 1, 	65456.08439352203	0.045	18.907	14158
,     RUN 2, 	65482.34738075291	0.045	22.157	16748
,     RUN 3, 	60291.29649825715	0.046	17.058	21593
,     RUN 4, 	63724.41746615867	0.046	21.237	17405
,     RUN 5, 	64865.18200847707	0.046	16.534	19980
,     RUN 6, 	60091.79327081578	0.046	19.817	15475
,     RUN 7, 	67024.39255861333	0.046	19.259	17626
,     RUN 8, 	60666.79162202813	0.047	22.218	18222
,     RUN 9, 	65951.03007695716	0.047	21.207	17853
,     RUN 10, 	60829.97418918569	0.047	20.422	17150
,     RUN 11, 	59260.09704137321	0.047	20.73	19068
,     RUN 12, 	64754.98320997212	0.047	18.093	16259
,     RUN 13, 	58496.53580145422	0.047	20.191	18859
,     RUN 14, 	62319.88693037179	0.047	19.9	17552
,     RUN 15, 	63001.84751182565	0.048	17.661	16805
,     RUN 16, 	60417.28136558289	0.048	14.653	19533
,     RUN 17, 	68327.86851642746	0.048	17.126	17923
,     RUN 18, 	63925.10825574286	0.048	17.895	17078
][PROBLEM DOMAIN TSP
,   instance 0 
,     RUN 0, 	58288.14771559174	0.045	16.898	11273
,     RUN 1, 	65456.08439352203	0.045	18.907	14158
,     RUN 2, 	65482.34738075291	0.045	22.157	16748
,     RUN 3, 	60291.29649825715	0.046	17.058	21593
,     RUN 4, 	63724.41746615867	0.046	21.237	17405
,     RUN 5, 	64865.18200847707	0.046	16.534	19980
,     RUN 6, 	60091.79327081578	0.046	19.817	15475
,     RUN 7, 	67024.39255861333	0.046	19.259	17626
,     RUN 8, 	60666.79162202813	0.047	22.218	18222
,     RUN 9, 	65951.03007695716	0.047	21.207	17853
,     RUN 10, 	60829.97418918569	0.047	20.422	17150
,     RUN 11, 	59260.09704137321	0.047	20.73	19068
,     RUN 12, 	64754.98320997212	0.047	18.093	16259
,     RUN 13, 	58496.53580145422	0.047	20.191	18859
,     RUN 14, 	62319.88693037179	0.047	19.9	17552
,     RUN 15, 	63001.84751182565	0.048	17.661	16805
,     RUN 16, 	60417.28136558289	0.048	14.653	19533
,     RUN 17, 	68327.86851642746	0.048	17.126	17923
,     RUN 18, 	63925.10825574286	0.048	17.895	17078
,     RUN 19, 	65562.51564136987	0.048	17.3	19221
][PROBLEM DOMAIN TSP
,   instance 0 
,     RUN 0, 	58288.14771559174	0.045	16.898	11273
,     RUN 1, 	65456.08439352203	0.045	18.907	14158
,     RUN 2, 	65482.34738075291	0.045	22.157	16748
,     RUN 3, 	60291.29649825715	0.046	17.058	21593
,     RUN 4, 	63724.41746615867	0.046	21.237	17405
,     RUN 5, 	64865.18200847707	0.046	16.534	19980
,     RUN 6, 	60091.79327081578	0.046	19.817	15475
,     RUN 7, 	67024.39255861333	0.046	19.259	17626
,     RUN 8, 	60666.79162202813	0.047	22.218	18222
,     RUN 9, 	65951.03007695716	0.047	21.207	17853
,     RUN 10, 	60829.97418918569	0.047	20.422	17150
,     RUN 11, 	59260.09704137321	0.047	20.73	19068
,     RUN 12, 	64754.98320997212	0.047	18.093	16259
,     RUN 13, 	58496.53580145422	0.047	20.191	18859
,     RUN 14, 	62319.88693037179	0.047	19.9	17552
,     RUN 15, 	63001.84751182565	0.048	17.661	16805
,     RUN 16, 	60417.28136558289	0.048	14.653	19533
,     RUN 17, 	68327.86851642746	0.048	17.126	17923
,     RUN 18, 	63925.10825574286	0.048	17.895	17078
,     RUN 19, 	65562.51564136987	0.048	17.3	19221
,     RUN 20, 	64915.34868441932	0.048	17.348	16650
][PROBLEM DOMAIN TSP
,   instance 0 
,     RUN 0, 	58288.14771559174	0.045	16.898	11273
,     RUN 1, 	65456.08439352203	0.045	18.907	14158
,     RUN 2, 	65482.34738075291	0.045	22.157	16748
,     RUN 3, 	60291.29649825715	0.046	17.058	21593
,     RUN 4, 	63724.41746615867	0.046	21.237	17405
,     RUN 5, 	64865.18200847707	0.046	16.534	19980
,     RUN 6, 	60091.79327081578	0.046	19.817	15475
,     RUN 7, 	67024.39255861333	0.046	19.259	17626
,     RUN 8, 	60666.79162202813	0.047	22.218	18222
,     RUN 9, 	65951.03007695716	0.047	21.207	17853
,     RUN 10, 	60829.97418918569	0.047	20.422	17150
,     RUN 11, 	59260.09704137321	0.047	20.73	19068
,     RUN 12, 	64754.98320997212	0.047	18.093	16259
,     RUN 13, 	58496.53580145422	0.047	20.191	18859
,     RUN 14, 	62319.88693037179	0.047	19.9	17552
,     RUN 15, 	63001.84751182565	0.048	17.661	16805
,     RUN 16, 	60417.28136558289	0.048	14.653	19533
,     RUN 17, 	68327.86851642746	0.048	17.126	17923
,     RUN 18, 	63925.10825574286	0.048	17.895	17078
,     RUN 19, 	65562.51564136987	0.048	17.3	19221
,     RUN 20, 	64915.34868441932	0.048	17.348	16650
,     RUN 21, 	60043.894063296044	0.049	16.647	20104
][PROBLEM DOMAIN TSP
,   instance 0 
,     RUN 0, 	58288.14771559174	0.045	16.898	11273
,     RUN 1, 	65456.08439352203	0.045	18.907	14158
,     RUN 2, 	65482.34738075291	0.045	22.157	16748
,     RUN 3, 	60291.29649825715	0.046	17.058	21593
,     RUN 4, 	63724.41746615867	0.046	21.237	17405
,     RUN 5, 	64865.18200847707	0.046	16.534	19980
,     RUN 6, 	60091.79327081578	0.046	19.817	15475
,     RUN 7, 	67024.39255861333	0.046	19.259	17626
,     RUN 8, 	60666.79162202813	0.047	22.218	18222
,     RUN 9, 	65951.03007695716	0.047	21.207	17853
,     RUN 10, 	60829.97418918569	0.047	20.422	17150
,     RUN 11, 	59260.09704137321	0.047	20.73	19068
,     RUN 12, 	64754.98320997212	0.047	18.093	16259
,     RUN 13, 	58496.53580145422	0.047	20.191	18859
,     RUN 14, 	62319.88693037179	0.047	19.9	17552
,     RUN 15, 	63001.84751182565	0.048	17.661	16805
,     RUN 16, 	60417.28136558289	0.048	14.653	19533
,     RUN 17, 	68327.86851642746	0.048	17.126	17923
,     RUN 18, 	63925.10825574286	0.048	17.895	17078
,     RUN 19, 	65562.51564136987	0.048	17.3	19221
,     RUN 20, 	64915.34868441932	0.048	17.348	16650
,     RUN 21, 	60043.894063296044	0.049	16.647	20104
,     RUN 22, 	64242.969982763985	0.049	15.492	17246
][PROBLEM DOMAIN TSP
,   instance 0 
,     RUN 0, 	58288.14771559174	0.045	16.898	11273
,     RUN 1, 	65456.08439352203	0.045	18.907	14158
,     RUN 2, 	65482.34738075291	0.045	22.157	16748
,     RUN 3, 	60291.29649825715	0.046	17.058	21593
,     RUN 4, 	63724.41746615867	0.046	21.237	17405
,     RUN 5, 	64865.18200847707	0.046	16.534	19980
,     RUN 6, 	60091.79327081578	0.046	19.817	15475
,     RUN 7, 	67024.39255861333	0.046	19.259	17626
,     RUN 8, 	60666.79162202813	0.047	22.218	18222
,     RUN 9, 	65951.03007695716	0.047	21.207	17853
,     RUN 10, 	60829.97418918569	0.047	20.422	17150
,     RUN 11, 	59260.09704137321	0.047	20.73	19068
,     RUN 12, 	64754.98320997212	0.047	18.093	16259
,     RUN 13, 	58496.53580145422	0.047	20.191	18859
,     RUN 14, 	62319.88693037179	0.047	19.9	17552
,     RUN 15, 	63001.84751182565	0.048	17.661	16805
,     RUN 16, 	60417.28136558289	0.048	14.653	19533
,     RUN 17, 	68327.86851642746	0.048	17.126	17923
,     RUN 18, 	63925.10825574286	0.048	17.895	17078
,     RUN 19, 	65562.51564136987	0.048	17.3	19221
,     RUN 20, 	64915.34868441932	0.048	17.348	16650
,     RUN 21, 	60043.894063296044	0.049	16.647	20104
,     RUN 22, 	64242.969982763985	0.049	15.492	17246
,     RUN 23, 	66336.57064633993	0.049	15.125	16634
][PROBLEM DOMAIN TSP
,   instance 0 
,     RUN 0, 	58288.14771559174	0.045	16.898	11273
,     RUN 1, 	65456.08439352203	0.045	18.907	14158
,     RUN 2, 	65482.34738075291	0.045	22.157	16748
,     RUN 3, 	60291.29649825715	0.046	17.058	21593
,     RUN 4, 	63724.41746615867	0.046	21.237	17405
,     RUN 5, 	64865.18200847707	0.046	16.534	19980
,     RUN 6, 	60091.79327081578	0.046	19.817	15475
,     RUN 7, 	67024.39255861333	0.046	19.259	17626
,     RUN 8, 	60666.79162202813	0.047	22.218	18222
,     RUN 9, 	65951.03007695716	0.047	21.207	17853
,     RUN 10, 	60829.97418918569	0.047	20.422	17150
,     RUN 11, 	59260.09704137321	0.047	20.73	19068
,     RUN 12, 	64754.98320997212	0.047	18.093	16259
,     RUN 13, 	58496.53580145422	0.047	20.191	18859
,     RUN 14, 	62319.88693037179	0.047	19.9	17552
,     RUN 15, 	63001.84751182565	0.048	17.661	16805
,     RUN 16, 	60417.28136558289	0.048	14.653	19533
,     RUN 17, 	68327.86851642746	0.048	17.126	17923
,     RUN 18, 	63925.10825574286	0.048	17.895	17078
,     RUN 19, 	65562.51564136987	0.048	17.3	19221
,     RUN 20, 	64915.34868441932	0.048	17.348	16650
,     RUN 21, 	60043.894063296044	0.049	16.647	20104
,     RUN 22, 	64242.969982763985	0.049	15.492	17246
,     RUN 23, 	66336.57064633993	0.049	15.125	16634
,     RUN 24, 	67999.08243046657	0.049	14.868	18539
][PROBLEM DOMAIN TSP
,   instance 0 
,     RUN 0, 	58288.14771559174	0.045	16.898	11273
,     RUN 1, 	65456.08439352203	0.045	18.907	14158
,     RUN 2, 	65482.34738075291	0.045	22.157	16748
,     RUN 3, 	60291.29649825715	0.046	17.058	21593
,     RUN 4, 	63724.41746615867	0.046	21.237	17405
,     RUN 5, 	64865.18200847707	0.046	16.534	19980
,     RUN 6, 	60091.79327081578	0.046	19.817	15475
,     RUN 7, 	67024.39255861333	0.046	19.259	17626
,     RUN 8, 	60666.79162202813	0.047	22.218	18222
,     RUN 9, 	65951.03007695716	0.047	21.207	17853
,     RUN 10, 	60829.97418918569	0.047	20.422	17150
,     RUN 11, 	59260.09704137321	0.047	20.73	19068
,     RUN 12, 	64754.98320997212	0.047	18.093	16259
,     RUN 13, 	58496.53580145422	0.047	20.191	18859
,     RUN 14, 	62319.88693037179	0.047	19.9	17552
,     RUN 15, 	63001.84751182565	0.048	17.661	16805
,     RUN 16, 	60417.28136558289	0.048	14.653	19533
,     RUN 17, 	68327.86851642746	0.048	17.126	17923
,     RUN 18, 	63925.10825574286	0.048	17.895	17078
,     RUN 19, 	65562.51564136987	0.048	17.3	19221
,     RUN 20, 	64915.34868441932	0.048	17.348	16650
,     RUN 21, 	60043.894063296044	0.049	16.647	20104
,     RUN 22, 	64242.969982763985	0.049	15.492	17246
,     RUN 23, 	66336.57064633993	0.049	15.125	16634
,     RUN 24, 	67999.08243046657	0.049	14.868	18539
,     RUN 25, 	59970.169860883114	0.049	14.792	18206
][PROBLEM DOMAIN TSP
,   instance 0 
,     RUN 0, 	58288.14771559174	0.045	16.898	11273
,     RUN 1, 	65456.08439352203	0.045	18.907	14158
,     RUN 2, 	65482.34738075291	0.045	22.157	16748
,     RUN 3, 	60291.29649825715	0.046	17.058	21593
,     RUN 4, 	63724.41746615867	0.046	21.237	17405
,     RUN 5, 	64865.18200847707	0.046	16.534	19980
,     RUN 6, 	60091.79327081578	0.046	19.817	15475
,     RUN 7, 	67024.39255861333	0.046	19.259	17626
,     RUN 8, 	60666.79162202813	0.047	22.218	18222
,     RUN 9, 	65951.03007695716	0.047	21.207	17853
,     RUN 10, 	60829.97418918569	0.047	20.422	17150
,     RUN 11, 	59260.09704137321	0.047	20.73	19068
,     RUN 12, 	64754.98320997212	0.047	18.093	16259
,     RUN 13, 	58496.53580145422	0.047	20.191	18859
,     RUN 14, 	62319.88693037179	0.047	19.9	17552
,     RUN 15, 	63001.84751182565	0.048	17.661	16805
,     RUN 16, 	60417.28136558289	0.048	14.653	19533
,     RUN 17, 	68327.86851642746	0.048	17.126	17923
,     RUN 18, 	63925.10825574286	0.048	17.895	17078
,     RUN 19, 	65562.51564136987	0.048	17.3	19221
,     RUN 20, 	64915.34868441932	0.048	17.348	16650
,     RUN 21, 	60043.894063296044	0.049	16.647	20104
,     RUN 22, 	64242.969982763985	0.049	15.492	17246
,     RUN 23, 	66336.57064633993	0.049	15.125	16634
,     RUN 24, 	67999.08243046657	0.049	14.868	18539
,     RUN 25, 	59970.169860883114	0.049	14.792	18206
,     RUN 26, 	66119.32896905926	0.05	14.709	16925
][PROBLEM DOMAIN TSP
,   instance 0 
,     RUN 0, 	58288.14771559174	0.045	16.898	11273
,     RUN 1, 	65456.08439352203	0.045	18.907	14158
,     RUN 2, 	65482.34738075291	0.045	22.157	16748
,     RUN 3, 	60291.29649825715	0.046	17.058	21593
,     RUN 4, 	63724.41746615867	0.046	21.237	17405
,     RUN 5, 	64865.18200847707	0.046	16.534	19980
,     RUN 6, 	60091.79327081578	0.046	19.817	15475
,     RUN 7, 	67024.39255861333	0.046	19.259	17626
,     RUN 8, 	60666.79162202813	0.047	22.218	18222
,     RUN 9, 	65951.03007695716	0.047	21.207	17853
,     RUN 10, 	60829.97418918569	0.047	20.422	17150
,     RUN 11, 	59260.09704137321	0.047	20.73	19068
,     RUN 12, 	64754.98320997212	0.047	18.093	16259
,     RUN 13, 	58496.53580145422	0.047	20.191	18859
,     RUN 14, 	62319.88693037179	0.047	19.9	17552
,     RUN 15, 	63001.84751182565	0.048	17.661	16805
,     RUN 16, 	60417.28136558289	0.048	14.653	19533
,     RUN 17, 	68327.86851642746	0.048	17.126	17923
,     RUN 18, 	63925.10825574286	0.048	17.895	17078
,     RUN 19, 	65562.51564136987	0.048	17.3	19221
,     RUN 20, 	64915.34868441932	0.048	17.348	16650
,     RUN 21, 	60043.894063296044	0.049	16.647	20104
,     RUN 22, 	64242.969982763985	0.049	15.492	17246
,     RUN 23, 	66336.57064633993	0.049	15.125	16634
,     RUN 24, 	67999.08243046657	0.049	14.868	18539
,     RUN 25, 	59970.169860883114	0.049	14.792	18206
,     RUN 26, 	66119.32896905926	0.05	14.709	16925
,     RUN 27, 	59894.59467750449	0.05	14.685	20299
][PROBLEM DOMAIN TSP
,   instance 0 
,     RUN 0, 	58288.14771559174	0.045	16.898	11273
,     RUN 1, 	65456.08439352203	0.045	18.907	14158
,     RUN 2, 	65482.34738075291	0.045	22.157	16748
,     RUN 3, 	60291.29649825715	0.046	17.058	21593
,     RUN 4, 	63724.41746615867	0.046	21.237	17405
,     RUN 5, 	64865.18200847707	0.046	16.534	19980
,     RUN 6, 	60091.79327081578	0.046	19.817	15475
,     RUN 7, 	67024.39255861333	0.046	19.259	17626
,     RUN 8, 	60666.79162202813	0.047	22.218	18222
,     RUN 9, 	65951.03007695716	0.047	21.207	17853
,     RUN 10, 	60829.97418918569	0.047	20.422	17150
,     RUN 11, 	59260.09704137321	0.047	20.73	19068
,     RUN 12, 	64754.98320997212	0.047	18.093	16259
,     RUN 13, 	58496.53580145422	0.047	20.191	18859
,     RUN 14, 	62319.88693037179	0.047	19.9	17552
,     RUN 15, 	63001.84751182565	0.048	17.661	16805
,     RUN 16, 	60417.28136558289	0.048	14.653	19533
,     RUN 17, 	68327.86851642746	0.048	17.126	17923
,     RUN 18, 	63925.10825574286	0.048	17.895	17078
,     RUN 19, 	65562.51564136987	0.048	17.3	19221
,     RUN 20, 	64915.34868441932	0.048	17.348	16650
,     RUN 21, 	60043.894063296044	0.049	16.647	20104
,     RUN 22, 	64242.969982763985	0.049	15.492	17246
,     RUN 23, 	66336.57064633993	0.049	15.125	16634
,     RUN 24, 	67999.08243046657	0.049	14.868	18539
,     RUN 25, 	59970.169860883114	0.049	14.792	18206
,     RUN 26, 	66119.32896905926	0.05	14.709	16925
,     RUN 27, 	59894.59467750449	0.05	14.685	20299
,     RUN 28, 	64363.8231926831	0.05	14.281	18601
][PROBLEM DOMAIN TSP
,   instance 0 
,     RUN 0, 	58288.14771559174	0.045	16.898	11273
,     RUN 1, 	65456.08439352203	0.045	18.907	14158
,     RUN 2, 	65482.34738075291	0.045	22.157	16748
,     RUN 3, 	60291.29649825715	0.046	17.058	21593
,     RUN 4, 	63724.41746615867	0.046	21.237	17405
,     RUN 5, 	64865.18200847707	0.046	16.534	19980
,     RUN 6, 	60091.79327081578	0.046	19.817	15475
,     RUN 7, 	67024.39255861333	0.046	19.259	17626
,     RUN 8, 	60666.79162202813	0.047	22.218	18222
,     RUN 9, 	65951.03007695716	0.047	21.207	17853
,     RUN 10, 	60829.97418918569	0.047	20.422	17150
,     RUN 11, 	59260.09704137321	0.047	20.73	19068
,     RUN 12, 	64754.98320997212	0.047	18.093	16259
,     RUN 13, 	58496.53580145422	0.047	20.191	18859
,     RUN 14, 	62319.88693037179	0.047	19.9	17552
,     RUN 15, 	63001.84751182565	0.048	17.661	16805
,     RUN 16, 	60417.28136558289	0.048	14.653	19533
,     RUN 17, 	68327.86851642746	0.048	17.126	17923
,     RUN 18, 	63925.10825574286	0.048	17.895	17078
,     RUN 19, 	65562.51564136987	0.048	17.3	19221
,     RUN 20, 	64915.34868441932	0.048	17.348	16650
,     RUN 21, 	60043.894063296044	0.049	16.647	20104
,     RUN 22, 	64242.969982763985	0.049	15.492	17246
,     RUN 23, 	66336.57064633993	0.049	15.125	16634
,     RUN 24, 	67999.08243046657	0.049	14.868	18539
,     RUN 25, 	59970.169860883114	0.049	14.792	18206
,     RUN 26, 	66119.32896905926	0.05	14.709	16925
,     RUN 27, 	59894.59467750449	0.05	14.685	20299
,     RUN 28, 	64363.8231926831	0.05	14.281	18601
,     RUN 29, 	65811.24282314038	0.05	14.325	19541
][PROBLEM DOMAIN TSP
,   instance 0 
,     RUN 0, 	58288.14771559174	0.045	16.898	11273
,     RUN 1, 	65456.08439352203	0.045	18.907	14158
,     RUN 2, 	65482.34738075291	0.045	22.157	16748
,     RUN 3, 	60291.29649825715	0.046	17.058	21593
,     RUN 4, 	63724.41746615867	0.046	21.237	17405
,     RUN 5, 	64865.18200847707	0.046	16.534	19980
,     RUN 6, 	60091.79327081578	0.046	19.817	15475
,     RUN 7, 	67024.39255861333	0.046	19.259	17626
,     RUN 8, 	60666.79162202813	0.047	22.218	18222
,     RUN 9, 	65951.03007695716	0.047	21.207	17853
,     RUN 10, 	60829.97418918569	0.047	20.422	17150
,     RUN 11, 	59260.09704137321	0.047	20.73	19068
,     RUN 12, 	64754.98320997212	0.047	18.093	16259
,     RUN 13, 	58496.53580145422	0.047	20.191	18859
,     RUN 14, 	62319.88693037179	0.047	19.9	17552
,     RUN 15, 	63001.84751182565	0.048	17.661	16805
,     RUN 16, 	60417.28136558289	0.048	14.653	19533
,     RUN 17, 	68327.86851642746	0.048	17.126	17923
,     RUN 18, 	63925.10825574286	0.048	17.895	17078
,     RUN 19, 	65562.51564136987	0.048	17.3	19221
,     RUN 20, 	64915.34868441932	0.048	17.348	16650
,     RUN 21, 	60043.894063296044	0.049	16.647	20104
,     RUN 22, 	64242.969982763985	0.049	15.492	17246
,     RUN 23, 	66336.57064633993	0.049	15.125	16634
,     RUN 24, 	67999.08243046657	0.049	14.868	18539
,     RUN 25, 	59970.169860883114	0.049	14.792	18206
,     RUN 26, 	66119.32896905926	0.05	14.709	16925
,     RUN 27, 	59894.59467750449	0.05	14.685	20299
,     RUN 28, 	64363.8231926831	0.05	14.281	18601
,     RUN 29, 	65811.24282314038	0.05	14.325	19541
,     RUN 30, 	61101.26135630855	0.05	13.569	20898
]