[PROBLEM DOMAIN TSP
,   instance 7 
,     RUN 0, 	81469.54678337651	0.182	0.844	0
][PROBLEM DOMAIN TSP
,   instance 7 
,     RUN 0, 	81469.54678337651	0.182	0.844	0
,     RUN 1, 	79456.58780662551	0.183	18.361	3272
][PROBLEM DOMAIN TSP
,   instance 7 
,     RUN 0, 	81469.54678337651	0.182	0.844	0
,     RUN 1, 	79456.58780662551	0.183	18.361	3272
,     RUN 2, 	78774.8272772487	0.183	19.402	3224
][PROBLEM DOMAIN TSP
,   instance 7 
,     RUN 0, 	81469.54678337651	0.182	0.844	0
,     RUN 1, 	79456.58780662551	0.183	18.361	3272
,     RUN 2, 	78774.8272772487	0.183	19.402	3224
,     RUN 3, 	78564.19222813344	0.183	21.033	3362
][PROBLEM DOMAIN TSP
,   instance 7 
,     RUN 0, 	81469.54678337651	0.182	0.844	0
,     RUN 1, 	79456.58780662551	0.183	18.361	3272
,     RUN 2, 	78774.8272772487	0.183	19.402	3224
,     RUN 3, 	78564.19222813344	0.183	21.033	3362
,     RUN 4, 	79969.61906303765	0.183	22.029	3371
][PROBLEM DOMAIN TSP
,   instance 7 
,     RUN 0, 	81469.54678337651	0.182	0.844	0
,     RUN 1, 	79456.58780662551	0.183	18.361	3272
,     RUN 2, 	78774.8272772487	0.183	19.402	3224
,     RUN 3, 	78564.19222813344	0.183	21.033	3362
,     RUN 4, 	79969.61906303765	0.183	22.029	3371
,     RUN 5, 	81829.53356746634	0.183	19.124	3703
][PROBLEM DOMAIN TSP
,   instance 7 
,     RUN 0, 	81469.54678337651	0.182	0.844	0
,     RUN 1, 	79456.58780662551	0.183	18.361	3272
,     RUN 2, 	78774.8272772487	0.183	19.402	3224
,     RUN 3, 	78564.19222813344	0.183	21.033	3362
,     RUN 4, 	79969.61906303765	0.183	22.029	3371
,     RUN 5, 	81829.53356746634	0.183	19.124	3703
,     RUN 6, 	78749.9388135351	0.184	16.907	3541
][PROBLEM DOMAIN TSP
,   instance 7 
,     RUN 0, 	81469.54678337651	0.182	0.844	0
,     RUN 1, 	79456.58780662551	0.183	18.361	3272
,     RUN 2, 	78774.8272772487	0.183	19.402	3224
,     RUN 3, 	78564.19222813344	0.183	21.033	3362
,     RUN 4, 	79969.61906303765	0.183	22.029	3371
,     RUN 5, 	81829.53356746634	0.183	19.124	3703
,     RUN 6, 	78749.9388135351	0.184	16.907	3541
,     RUN 7, 	78875.68360892367	0.184	17.224	3359
][PROBLEM DOMAIN TSP
,   instance 7 
,     RUN 0, 	81469.54678337651	0.182	0.844	0
,     RUN 1, 	79456.58780662551	0.183	18.361	3272
,     RUN 2, 	78774.8272772487	0.183	19.402	3224
,     RUN 3, 	78564.19222813344	0.183	21.033	3362
,     RUN 4, 	79969.61906303765	0.183	22.029	3371
,     RUN 5, 	81829.53356746634	0.183	19.124	3703
,     RUN 6, 	78749.9388135351	0.184	16.907	3541
,     RUN 7, 	78875.68360892367	0.184	17.224	3359
,     RUN 8, 	81197.27507924756	0.184	15.708	3307
][PROBLEM DOMAIN TSP
,   instance 7 
,     RUN 0, 	81469.54678337651	0.182	0.844	0
,     RUN 1, 	79456.58780662551	0.183	18.361	3272
,     RUN 2, 	78774.8272772487	0.183	19.402	3224
,     RUN 3, 	78564.19222813344	0.183	21.033	3362
,     RUN 4, 	79969.61906303765	0.183	22.029	3371
,     RUN 5, 	81829.53356746634	0.183	19.124	3703
,     RUN 6, 	78749.9388135351	0.184	16.907	3541
,     RUN 7, 	78875.68360892367	0.184	17.224	3359
,     RUN 8, 	81197.27507924756	0.184	15.708	3307
,     RUN 9, 	78136.11732884106	0.184	20.248	3447
][PROBLEM DOMAIN TSP
,   instance 7 
,     RUN 0, 	81469.54678337651	0.182	0.844	0
,     RUN 1, 	79456.58780662551	0.183	18.361	3272
,     RUN 2, 	78774.8272772487	0.183	19.402	3224
,     RUN 3, 	78564.19222813344	0.183	21.033	3362
,     RUN 4, 	79969.61906303765	0.183	22.029	3371
,     RUN 5, 	81829.53356746634	0.183	19.124	3703
,     RUN 6, 	78749.9388135351	0.184	16.907	3541
,     RUN 7, 	78875.68360892367	0.184	17.224	3359
,     RUN 8, 	81197.27507924756	0.184	15.708	3307
,     RUN 9, 	78136.11732884106	0.184	20.248	3447
,     RUN 10, 	78959.03372575121	0.184	16.194	3589
][PROBLEM DOMAIN TSP
,   instance 7 
,     RUN 0, 	81469.54678337651	0.182	0.844	0
,     RUN 1, 	79456.58780662551	0.183	18.361	3272
,     RUN 2, 	78774.8272772487	0.183	19.402	3224
,     RUN 3, 	78564.19222813344	0.183	21.033	3362
,     RUN 4, 	79969.61906303765	0.183	22.029	3371
,     RUN 5, 	81829.53356746634	0.183	19.124	3703
,     RUN 6, 	78749.9388135351	0.184	16.907	3541
,     RUN 7, 	78875.68360892367	0.184	17.224	3359
,     RUN 8, 	81197.27507924756	0.184	15.708	3307
,     RUN 9, 	78136.11732884106	0.184	20.248	3447
,     RUN 10, 	78959.03372575121	0.184	16.194	3589
,     RUN 11, 	79209.68017347316	0.184	16.067	3600
][PROBLEM DOMAIN TSP
,   instance 7 
,     RUN 0, 	81469.54678337651	0.182	0.844	0
,     RUN 1, 	79456.58780662551	0.183	18.361	3272
,     RUN 2, 	78774.8272772487	0.183	19.402	3224
,     RUN 3, 	78564.19222813344	0.183	21.033	3362
,     RUN 4, 	79969.61906303765	0.183	22.029	3371
,     RUN 5, 	81829.53356746634	0.183	19.124	3703
,     RUN 6, 	78749.9388135351	0.184	16.907	3541
,     RUN 7, 	78875.68360892367	0.184	17.224	3359
,     RUN 8, 	81197.27507924756	0.184	15.708	3307
,     RUN 9, 	78136.11732884106	0.184	20.248	3447
,     RUN 10, 	78959.03372575121	0.184	16.194	3589
,     RUN 11, 	79209.68017347316	0.184	16.067	3600
,     RUN 12, 	79376.11828651936	0.185	16.021	3517
][PROBLEM DOMAIN TSP
,   instance 7 
,     RUN 0, 	81469.54678337651	0.182	0.844	0
,     RUN 1, 	79456.58780662551	0.183	18.361	3272
,     RUN 2, 	78774.8272772487	0.183	19.402	3224
,     RUN 3, 	78564.19222813344	0.183	21.033	3362
,     RUN 4, 	79969.61906303765	0.183	22.029	3371
,     RUN 5, 	81829.53356746634	0.183	19.124	3703
,     RUN 6, 	78749.9388135351	0.184	16.907	3541
,     RUN 7, 	78875.68360892367	0.184	17.224	3359
,     RUN 8, 	81197.27507924756	0.184	15.708	3307
,     RUN 9, 	78136.11732884106	0.184	20.248	3447
,     RUN 10, 	78959.03372575121	0.184	16.194	3589
,     RUN 11, 	79209.68017347316	0.184	16.067	3600
,     RUN 12, 	79376.11828651936	0.185	16.021	3517
,     RUN 13, 	80137.9270505884	0.185	19.169	3470
][PROBLEM DOMAIN TSP
,   instance 7 
,     RUN 0, 	81469.54678337651	0.182	0.844	0
,     RUN 1, 	79456.58780662551	0.183	18.361	3272
,     RUN 2, 	78774.8272772487	0.183	19.402	3224
,     RUN 3, 	78564.19222813344	0.183	21.033	3362
,     RUN 4, 	79969.61906303765	0.183	22.029	3371
,     RUN 5, 	81829.53356746634	0.183	19.124	3703
,     RUN 6, 	78749.9388135351	0.184	16.907	3541
,     RUN 7, 	78875.68360892367	0.184	17.224	3359
,     RUN 8, 	81197.27507924756	0.184	15.708	3307
,     RUN 9, 	78136.11732884106	0.184	20.248	3447
,     RUN 10, 	78959.03372575121	0.184	16.194	3589
,     RUN 11, 	79209.68017347316	0.184	16.067	3600
,     RUN 12, 	79376.11828651936	0.185	16.021	3517
,     RUN 13, 	80137.9270505884	0.185	19.169	3470
,     RUN 14, 	79331.95155201844	0.185	17.897	3459
][PROBLEM DOMAIN TSP
,   instance 7 
,     RUN 0, 	81469.54678337651	0.182	0.844	0
,     RUN 1, 	79456.58780662551	0.183	18.361	3272
,     RUN 2, 	78774.8272772487	0.183	19.402	3224
,     RUN 3, 	78564.19222813344	0.183	21.033	3362
,     RUN 4, 	79969.61906303765	0.183	22.029	3371
,     RUN 5, 	81829.53356746634	0.183	19.124	3703
,     RUN 6, 	78749.9388135351	0.184	16.907	3541
,     RUN 7, 	78875.68360892367	0.184	17.224	3359
,     RUN 8, 	81197.27507924756	0.184	15.708	3307
,     RUN 9, 	78136.11732884106	0.184	20.248	3447
,     RUN 10, 	78959.03372575121	0.184	16.194	3589
,     RUN 11, 	79209.68017347316	0.184	16.067	3600
,     RUN 12, 	79376.11828651936	0.185	16.021	3517
,     RUN 13, 	80137.9270505884	0.185	19.169	3470
,     RUN 14, 	79331.95155201844	0.185	17.897	3459
,     RUN 15, 	78438.94458283855	0.185	16.418	3215
][PROBLEM DOMAIN TSP
,   instance 7 
,     RUN 0, 	81469.54678337651	0.182	0.844	0
,     RUN 1, 	79456.58780662551	0.183	18.361	3272
,     RUN 2, 	78774.8272772487	0.183	19.402	3224
,     RUN 3, 	78564.19222813344	0.183	21.033	3362
,     RUN 4, 	79969.61906303765	0.183	22.029	3371
,     RUN 5, 	81829.53356746634	0.183	19.124	3703
,     RUN 6, 	78749.9388135351	0.184	16.907	3541
,     RUN 7, 	78875.68360892367	0.184	17.224	3359
,     RUN 8, 	81197.27507924756	0.184	15.708	3307
,     RUN 9, 	78136.11732884106	0.184	20.248	3447
,     RUN 10, 	78959.03372575121	0.184	16.194	3589
,     RUN 11, 	79209.68017347316	0.184	16.067	3600
,     RUN 12, 	79376.11828651936	0.185	16.021	3517
,     RUN 13, 	80137.9270505884	0.185	19.169	3470
,     RUN 14, 	79331.95155201844	0.185	17.897	3459
,     RUN 15, 	78438.94458283855	0.185	16.418	3215
,     RUN 16, 	82303.11929277409	0.185	12.456	3646
][PROBLEM DOMAIN TSP
,   instance 7 
,     RUN 0, 	81469.54678337651	0.182	0.844	0
,     RUN 1, 	79456.58780662551	0.183	18.361	3272
,     RUN 2, 	78774.8272772487	0.183	19.402	3224
,     RUN 3, 	78564.19222813344	0.183	21.033	3362
,     RUN 4, 	79969.61906303765	0.183	22.029	3371
,     RUN 5, 	81829.53356746634	0.183	19.124	3703
,     RUN 6, 	78749.9388135351	0.184	16.907	3541
,     RUN 7, 	78875.68360892367	0.184	17.224	3359
,     RUN 8, 	81197.27507924756	0.184	15.708	3307
,     RUN 9, 	78136.11732884106	0.184	20.248	3447
,     RUN 10, 	78959.03372575121	0.184	16.194	3589
,     RUN 11, 	79209.68017347316	0.184	16.067	3600
,     RUN 12, 	79376.11828651936	0.185	16.021	3517
,     RUN 13, 	80137.9270505884	0.185	19.169	3470
,     RUN 14, 	79331.95155201844	0.185	17.897	3459
,     RUN 15, 	78438.94458283855	0.185	16.418	3215
,     RUN 16, 	82303.11929277409	0.185	12.456	3646
,     RUN 17, 	80848.57313791479	0.186	15.326	3431
][PROBLEM DOMAIN TSP
,   instance 7 
,     RUN 0, 	81469.54678337651	0.182	0.844	0
,     RUN 1, 	79456.58780662551	0.183	18.361	3272
,     RUN 2, 	78774.8272772487	0.183	19.402	3224
,     RUN 3, 	78564.19222813344	0.183	21.033	3362
,     RUN 4, 	79969.61906303765	0.183	22.029	3371
,     RUN 5, 	81829.53356746634	0.183	19.124	3703
,     RUN 6, 	78749.9388135351	0.184	16.907	3541
,     RUN 7, 	78875.68360892367	0.184	17.224	3359
,     RUN 8, 	81197.27507924756	0.184	15.708	3307
,     RUN 9, 	78136.11732884106	0.184	20.248	3447
,     RUN 10, 	78959.03372575121	0.184	16.194	3589
,     RUN 11, 	79209.68017347316	0.184	16.067	3600
,     RUN 12, 	79376.11828651936	0.185	16.021	3517
,     RUN 13, 	80137.9270505884	0.185	19.169	3470
,     RUN 14, 	79331.95155201844	0.185	17.897	3459
,     RUN 15, 	78438.94458283855	0.185	16.418	3215
,     RUN 16, 	82303.11929277409	0.185	12.456	3646
,     RUN 17, 	80848.57313791479	0.186	15.326	3431
,     RUN 18, 	79651.47938986056	0.186	15.834	3374
][PROBLEM DOMAIN TSP
,   instance 7 
,     RUN 0, 	81469.54678337651	0.182	0.844	0
,     RUN 1, 	79456.58780662551	0.183	18.361	3272
,     RUN 2, 	78774.8272772487	0.183	19.402	3224
,     RUN 3, 	78564.19222813344	0.183	21.033	3362
,     RUN 4, 	79969.61906303765	0.183	22.029	3371
,     RUN 5, 	81829.53356746634	0.183	19.124	3703
,     RUN 6, 	78749.9388135351	0.184	16.907	3541
,     RUN 7, 	78875.68360892367	0.184	17.224	3359
,     RUN 8, 	81197.27507924756	0.184	15.708	3307
,     RUN 9, 	78136.11732884106	0.184	20.248	3447
,     RUN 10, 	78959.03372575121	0.184	16.194	3589
,     RUN 11, 	79209.68017347316	0.184	16.067	3600
,     RUN 12, 	79376.11828651936	0.185	16.021	3517
,     RUN 13, 	80137.9270505884	0.185	19.169	3470
,     RUN 14, 	79331.95155201844	0.185	17.897	3459
,     RUN 15, 	78438.94458283855	0.185	16.418	3215
,     RUN 16, 	82303.11929277409	0.185	12.456	3646
,     RUN 17, 	80848.57313791479	0.186	15.326	3431
,     RUN 18, 	79651.47938986056	0.186	15.834	3374
,     RUN 19, 	81470.68403532785	0.186	14.047	3205
][PROBLEM DOMAIN TSP
,   instance 7 
,     RUN 0, 	81469.54678337651	0.182	0.844	0
,     RUN 1, 	79456.58780662551	0.183	18.361	3272
,     RUN 2, 	78774.8272772487	0.183	19.402	3224
,     RUN 3, 	78564.19222813344	0.183	21.033	3362
,     RUN 4, 	79969.61906303765	0.183	22.029	3371
,     RUN 5, 	81829.53356746634	0.183	19.124	3703
,     RUN 6, 	78749.9388135351	0.184	16.907	3541
,     RUN 7, 	78875.68360892367	0.184	17.224	3359
,     RUN 8, 	81197.27507924756	0.184	15.708	3307
,     RUN 9, 	78136.11732884106	0.184	20.248	3447
,     RUN 10, 	78959.03372575121	0.184	16.194	3589
,     RUN 11, 	79209.68017347316	0.184	16.067	3600
,     RUN 12, 	79376.11828651936	0.185	16.021	3517
,     RUN 13, 	80137.9270505884	0.185	19.169	3470
,     RUN 14, 	79331.95155201844	0.185	17.897	3459
,     RUN 15, 	78438.94458283855	0.185	16.418	3215
,     RUN 16, 	82303.11929277409	0.185	12.456	3646
,     RUN 17, 	80848.57313791479	0.186	15.326	3431
,     RUN 18, 	79651.47938986056	0.186	15.834	3374
,     RUN 19, 	81470.68403532785	0.186	14.047	3205
,     RUN 20, 	76969.83034553869	0.186	17.098	3406
][PROBLEM DOMAIN TSP
,   instance 7 
,     RUN 0, 	81469.54678337651	0.182	0.844	0
,     RUN 1, 	79456.58780662551	0.183	18.361	3272
,     RUN 2, 	78774.8272772487	0.183	19.402	3224
,     RUN 3, 	78564.19222813344	0.183	21.033	3362
,     RUN 4, 	79969.61906303765	0.183	22.029	3371
,     RUN 5, 	81829.53356746634	0.183	19.124	3703
,     RUN 6, 	78749.9388135351	0.184	16.907	3541
,     RUN 7, 	78875.68360892367	0.184	17.224	3359
,     RUN 8, 	81197.27507924756	0.184	15.708	3307
,     RUN 9, 	78136.11732884106	0.184	20.248	3447
,     RUN 10, 	78959.03372575121	0.184	16.194	3589
,     RUN 11, 	79209.68017347316	0.184	16.067	3600
,     RUN 12, 	79376.11828651936	0.185	16.021	3517
,     RUN 13, 	80137.9270505884	0.185	19.169	3470
,     RUN 14, 	79331.95155201844	0.185	17.897	3459
,     RUN 15, 	78438.94458283855	0.185	16.418	3215
,     RUN 16, 	82303.11929277409	0.185	12.456	3646
,     RUN 17, 	80848.57313791479	0.186	15.326	3431
,     RUN 18, 	79651.47938986056	0.186	15.834	3374
,     RUN 19, 	81470.68403532785	0.186	14.047	3205
,     RUN 20, 	76969.83034553869	0.186	17.098	3406
,     RUN 21, 	78451.37293116502	0.186	13.681	3369
][PROBLEM DOMAIN TSP
,   instance 7 
,     RUN 0, 	81469.54678337651	0.182	0.844	0
,     RUN 1, 	79456.58780662551	0.183	18.361	3272
,     RUN 2, 	78774.8272772487	0.183	19.402	3224
,     RUN 3, 	78564.19222813344	0.183	21.033	3362
,     RUN 4, 	79969.61906303765	0.183	22.029	3371
,     RUN 5, 	81829.53356746634	0.183	19.124	3703
,     RUN 6, 	78749.9388135351	0.184	16.907	3541
,     RUN 7, 	78875.68360892367	0.184	17.224	3359
,     RUN 8, 	81197.27507924756	0.184	15.708	3307
,     RUN 9, 	78136.11732884106	0.184	20.248	3447
,     RUN 10, 	78959.03372575121	0.184	16.194	3589
,     RUN 11, 	79209.68017347316	0.184	16.067	3600
,     RUN 12, 	79376.11828651936	0.185	16.021	3517
,     RUN 13, 	80137.9270505884	0.185	19.169	3470
,     RUN 14, 	79331.95155201844	0.185	17.897	3459
,     RUN 15, 	78438.94458283855	0.185	16.418	3215
,     RUN 16, 	82303.11929277409	0.185	12.456	3646
,     RUN 17, 	80848.57313791479	0.186	15.326	3431
,     RUN 18, 	79651.47938986056	0.186	15.834	3374
,     RUN 19, 	81470.68403532785	0.186	14.047	3205
,     RUN 20, 	76969.83034553869	0.186	17.098	3406
,     RUN 21, 	78451.37293116502	0.186	13.681	3369
,     RUN 22, 	78557.14243695565	0.187	13.792	3424
][PROBLEM DOMAIN TSP
,   instance 7 
,     RUN 0, 	81469.54678337651	0.182	0.844	0
,     RUN 1, 	79456.58780662551	0.183	18.361	3272
,     RUN 2, 	78774.8272772487	0.183	19.402	3224
,     RUN 3, 	78564.19222813344	0.183	21.033	3362
,     RUN 4, 	79969.61906303765	0.183	22.029	3371
,     RUN 5, 	81829.53356746634	0.183	19.124	3703
,     RUN 6, 	78749.9388135351	0.184	16.907	3541
,     RUN 7, 	78875.68360892367	0.184	17.224	3359
,     RUN 8, 	81197.27507924756	0.184	15.708	3307
,     RUN 9, 	78136.11732884106	0.184	20.248	3447
,     RUN 10, 	78959.03372575121	0.184	16.194	3589
,     RUN 11, 	79209.68017347316	0.184	16.067	3600
,     RUN 12, 	79376.11828651936	0.185	16.021	3517
,     RUN 13, 	80137.9270505884	0.185	19.169	3470
,     RUN 14, 	79331.95155201844	0.185	17.897	3459
,     RUN 15, 	78438.94458283855	0.185	16.418	3215
,     RUN 16, 	82303.11929277409	0.185	12.456	3646
,     RUN 17, 	80848.57313791479	0.186	15.326	3431
,     RUN 18, 	79651.47938986056	0.186	15.834	3374
,     RUN 19, 	81470.68403532785	0.186	14.047	3205
,     RUN 20, 	76969.83034553869	0.186	17.098	3406
,     RUN 21, 	78451.37293116502	0.186	13.681	3369
,     RUN 22, 	78557.14243695565	0.187	13.792	3424
,     RUN 23, 	78321.24643095177	0.187	13.132	3482
][PROBLEM DOMAIN TSP
,   instance 7 
,     RUN 0, 	81469.54678337651	0.182	0.844	0
,     RUN 1, 	79456.58780662551	0.183	18.361	3272
,     RUN 2, 	78774.8272772487	0.183	19.402	3224
,     RUN 3, 	78564.19222813344	0.183	21.033	3362
,     RUN 4, 	79969.61906303765	0.183	22.029	3371
,     RUN 5, 	81829.53356746634	0.183	19.124	3703
,     RUN 6, 	78749.9388135351	0.184	16.907	3541
,     RUN 7, 	78875.68360892367	0.184	17.224	3359
,     RUN 8, 	81197.27507924756	0.184	15.708	3307
,     RUN 9, 	78136.11732884106	0.184	20.248	3447
,     RUN 10, 	78959.03372575121	0.184	16.194	3589
,     RUN 11, 	79209.68017347316	0.184	16.067	3600
,     RUN 12, 	79376.11828651936	0.185	16.021	3517
,     RUN 13, 	80137.9270505884	0.185	19.169	3470
,     RUN 14, 	79331.95155201844	0.185	17.897	3459
,     RUN 15, 	78438.94458283855	0.185	16.418	3215
,     RUN 16, 	82303.11929277409	0.185	12.456	3646
,     RUN 17, 	80848.57313791479	0.186	15.326	3431
,     RUN 18, 	79651.47938986056	0.186	15.834	3374
,     RUN 19, 	81470.68403532785	0.186	14.047	3205
,     RUN 20, 	76969.83034553869	0.186	17.098	3406
,     RUN 21, 	78451.37293116502	0.186	13.681	3369
,     RUN 22, 	78557.14243695565	0.187	13.792	3424
,     RUN 23, 	78321.24643095177	0.187	13.132	3482
,     RUN 24, 	79924.79693165394	0.187	12.982	3442
][PROBLEM DOMAIN TSP
,   instance 7 
,     RUN 0, 	81469.54678337651	0.182	0.844	0
,     RUN 1, 	79456.58780662551	0.183	18.361	3272
,     RUN 2, 	78774.8272772487	0.183	19.402	3224
,     RUN 3, 	78564.19222813344	0.183	21.033	3362
,     RUN 4, 	79969.61906303765	0.183	22.029	3371
,     RUN 5, 	81829.53356746634	0.183	19.124	3703
,     RUN 6, 	78749.9388135351	0.184	16.907	3541
,     RUN 7, 	78875.68360892367	0.184	17.224	3359
,     RUN 8, 	81197.27507924756	0.184	15.708	3307
,     RUN 9, 	78136.11732884106	0.184	20.248	3447
,     RUN 10, 	78959.03372575121	0.184	16.194	3589
,     RUN 11, 	79209.68017347316	0.184	16.067	3600
,     RUN 12, 	79376.11828651936	0.185	16.021	3517
,     RUN 13, 	80137.9270505884	0.185	19.169	3470
,     RUN 14, 	79331.95155201844	0.185	17.897	3459
,     RUN 15, 	78438.94458283855	0.185	16.418	3215
,     RUN 16, 	82303.11929277409	0.185	12.456	3646
,     RUN 17, 	80848.57313791479	0.186	15.326	3431
,     RUN 18, 	79651.47938986056	0.186	15.834	3374
,     RUN 19, 	81470.68403532785	0.186	14.047	3205
,     RUN 20, 	76969.83034553869	0.186	17.098	3406
,     RUN 21, 	78451.37293116502	0.186	13.681	3369
,     RUN 22, 	78557.14243695565	0.187	13.792	3424
,     RUN 23, 	78321.24643095177	0.187	13.132	3482
,     RUN 24, 	79924.79693165394	0.187	12.982	3442
,     RUN 25, 	79530.0120807065	0.187	9.829	3275
][PROBLEM DOMAIN TSP
,   instance 7 
,     RUN 0, 	81469.54678337651	0.182	0.844	0
,     RUN 1, 	79456.58780662551	0.183	18.361	3272
,     RUN 2, 	78774.8272772487	0.183	19.402	3224
,     RUN 3, 	78564.19222813344	0.183	21.033	3362
,     RUN 4, 	79969.61906303765	0.183	22.029	3371
,     RUN 5, 	81829.53356746634	0.183	19.124	3703
,     RUN 6, 	78749.9388135351	0.184	16.907	3541
,     RUN 7, 	78875.68360892367	0.184	17.224	3359
,     RUN 8, 	81197.27507924756	0.184	15.708	3307
,     RUN 9, 	78136.11732884106	0.184	20.248	3447
,     RUN 10, 	78959.03372575121	0.184	16.194	3589
,     RUN 11, 	79209.68017347316	0.184	16.067	3600
,     RUN 12, 	79376.11828651936	0.185	16.021	3517
,     RUN 13, 	80137.9270505884	0.185	19.169	3470
,     RUN 14, 	79331.95155201844	0.185	17.897	3459
,     RUN 15, 	78438.94458283855	0.185	16.418	3215
,     RUN 16, 	82303.11929277409	0.185	12.456	3646
,     RUN 17, 	80848.57313791479	0.186	15.326	3431
,     RUN 18, 	79651.47938986056	0.186	15.834	3374
,     RUN 19, 	81470.68403532785	0.186	14.047	3205
,     RUN 20, 	76969.83034553869	0.186	17.098	3406
,     RUN 21, 	78451.37293116502	0.186	13.681	3369
,     RUN 22, 	78557.14243695565	0.187	13.792	3424
,     RUN 23, 	78321.24643095177	0.187	13.132	3482
,     RUN 24, 	79924.79693165394	0.187	12.982	3442
,     RUN 25, 	79530.0120807065	0.187	9.829	3275
,     RUN 26, 	77889.42500895204	0.187	13.526	3364
][PROBLEM DOMAIN TSP
,   instance 7 
,     RUN 0, 	81469.54678337651	0.182	0.844	0
,     RUN 1, 	79456.58780662551	0.183	18.361	3272
,     RUN 2, 	78774.8272772487	0.183	19.402	3224
,     RUN 3, 	78564.19222813344	0.183	21.033	3362
,     RUN 4, 	79969.61906303765	0.183	22.029	3371
,     RUN 5, 	81829.53356746634	0.183	19.124	3703
,     RUN 6, 	78749.9388135351	0.184	16.907	3541
,     RUN 7, 	78875.68360892367	0.184	17.224	3359
,     RUN 8, 	81197.27507924756	0.184	15.708	3307
,     RUN 9, 	78136.11732884106	0.184	20.248	3447
,     RUN 10, 	78959.03372575121	0.184	16.194	3589
,     RUN 11, 	79209.68017347316	0.184	16.067	3600
,     RUN 12, 	79376.11828651936	0.185	16.021	3517
,     RUN 13, 	80137.9270505884	0.185	19.169	3470
,     RUN 14, 	79331.95155201844	0.185	17.897	3459
,     RUN 15, 	78438.94458283855	0.185	16.418	3215
,     RUN 16, 	82303.11929277409	0.185	12.456	3646
,     RUN 17, 	80848.57313791479	0.186	15.326	3431
,     RUN 18, 	79651.47938986056	0.186	15.834	3374
,     RUN 19, 	81470.68403532785	0.186	14.047	3205
,     RUN 20, 	76969.83034553869	0.186	17.098	3406
,     RUN 21, 	78451.37293116502	0.186	13.681	3369
,     RUN 22, 	78557.14243695565	0.187	13.792	3424
,     RUN 23, 	78321.24643095177	0.187	13.132	3482
,     RUN 24, 	79924.79693165394	0.187	12.982	3442
,     RUN 25, 	79530.0120807065	0.187	9.829	3275
,     RUN 26, 	77889.42500895204	0.187	13.526	3364
,     RUN 27, 	78973.93266109498	0.188	11.887	3465
][PROBLEM DOMAIN TSP
,   instance 7 
,     RUN 0, 	81469.54678337651	0.182	0.844	0
,     RUN 1, 	79456.58780662551	0.183	18.361	3272
,     RUN 2, 	78774.8272772487	0.183	19.402	3224
,     RUN 3, 	78564.19222813344	0.183	21.033	3362
,     RUN 4, 	79969.61906303765	0.183	22.029	3371
,     RUN 5, 	81829.53356746634	0.183	19.124	3703
,     RUN 6, 	78749.9388135351	0.184	16.907	3541
,     RUN 7, 	78875.68360892367	0.184	17.224	3359
,     RUN 8, 	81197.27507924756	0.184	15.708	3307
,     RUN 9, 	78136.11732884106	0.184	20.248	3447
,     RUN 10, 	78959.03372575121	0.184	16.194	3589
,     RUN 11, 	79209.68017347316	0.184	16.067	3600
,     RUN 12, 	79376.11828651936	0.185	16.021	3517
,     RUN 13, 	80137.9270505884	0.185	19.169	3470
,     RUN 14, 	79331.95155201844	0.185	17.897	3459
,     RUN 15, 	78438.94458283855	0.185	16.418	3215
,     RUN 16, 	82303.11929277409	0.185	12.456	3646
,     RUN 17, 	80848.57313791479	0.186	15.326	3431
,     RUN 18, 	79651.47938986056	0.186	15.834	3374
,     RUN 19, 	81470.68403532785	0.186	14.047	3205
,     RUN 20, 	76969.83034553869	0.186	17.098	3406
,     RUN 21, 	78451.37293116502	0.186	13.681	3369
,     RUN 22, 	78557.14243695565	0.187	13.792	3424
,     RUN 23, 	78321.24643095177	0.187	13.132	3482
,     RUN 24, 	79924.79693165394	0.187	12.982	3442
,     RUN 25, 	79530.0120807065	0.187	9.829	3275
,     RUN 26, 	77889.42500895204	0.187	13.526	3364
,     RUN 27, 	78973.93266109498	0.188	11.887	3465
,     RUN 28, 	79897.83269266954	0.188	8.149	3575
][PROBLEM DOMAIN TSP
,   instance 7 
,     RUN 0, 	81469.54678337651	0.182	0.844	0
,     RUN 1, 	79456.58780662551	0.183	18.361	3272
,     RUN 2, 	78774.8272772487	0.183	19.402	3224
,     RUN 3, 	78564.19222813344	0.183	21.033	3362
,     RUN 4, 	79969.61906303765	0.183	22.029	3371
,     RUN 5, 	81829.53356746634	0.183	19.124	3703
,     RUN 6, 	78749.9388135351	0.184	16.907	3541
,     RUN 7, 	78875.68360892367	0.184	17.224	3359
,     RUN 8, 	81197.27507924756	0.184	15.708	3307
,     RUN 9, 	78136.11732884106	0.184	20.248	3447
,     RUN 10, 	78959.03372575121	0.184	16.194	3589
,     RUN 11, 	79209.68017347316	0.184	16.067	3600
,     RUN 12, 	79376.11828651936	0.185	16.021	3517
,     RUN 13, 	80137.9270505884	0.185	19.169	3470
,     RUN 14, 	79331.95155201844	0.185	17.897	3459
,     RUN 15, 	78438.94458283855	0.185	16.418	3215
,     RUN 16, 	82303.11929277409	0.185	12.456	3646
,     RUN 17, 	80848.57313791479	0.186	15.326	3431
,     RUN 18, 	79651.47938986056	0.186	15.834	3374
,     RUN 19, 	81470.68403532785	0.186	14.047	3205
,     RUN 20, 	76969.83034553869	0.186	17.098	3406
,     RUN 21, 	78451.37293116502	0.186	13.681	3369
,     RUN 22, 	78557.14243695565	0.187	13.792	3424
,     RUN 23, 	78321.24643095177	0.187	13.132	3482
,     RUN 24, 	79924.79693165394	0.187	12.982	3442
,     RUN 25, 	79530.0120807065	0.187	9.829	3275
,     RUN 26, 	77889.42500895204	0.187	13.526	3364
,     RUN 27, 	78973.93266109498	0.188	11.887	3465
,     RUN 28, 	79897.83269266954	0.188	8.149	3575
,     RUN 29, 	78180.13801818142	0.188	12.265	3470
][PROBLEM DOMAIN TSP
,   instance 7 
,     RUN 0, 	81469.54678337651	0.182	0.844	0
,     RUN 1, 	79456.58780662551	0.183	18.361	3272
,     RUN 2, 	78774.8272772487	0.183	19.402	3224
,     RUN 3, 	78564.19222813344	0.183	21.033	3362
,     RUN 4, 	79969.61906303765	0.183	22.029	3371
,     RUN 5, 	81829.53356746634	0.183	19.124	3703
,     RUN 6, 	78749.9388135351	0.184	16.907	3541
,     RUN 7, 	78875.68360892367	0.184	17.224	3359
,     RUN 8, 	81197.27507924756	0.184	15.708	3307
,     RUN 9, 	78136.11732884106	0.184	20.248	3447
,     RUN 10, 	78959.03372575121	0.184	16.194	3589
,     RUN 11, 	79209.68017347316	0.184	16.067	3600
,     RUN 12, 	79376.11828651936	0.185	16.021	3517
,     RUN 13, 	80137.9270505884	0.185	19.169	3470
,     RUN 14, 	79331.95155201844	0.185	17.897	3459
,     RUN 15, 	78438.94458283855	0.185	16.418	3215
,     RUN 16, 	82303.11929277409	0.185	12.456	3646
,     RUN 17, 	80848.57313791479	0.186	15.326	3431
,     RUN 18, 	79651.47938986056	0.186	15.834	3374
,     RUN 19, 	81470.68403532785	0.186	14.047	3205
,     RUN 20, 	76969.83034553869	0.186	17.098	3406
,     RUN 21, 	78451.37293116502	0.186	13.681	3369
,     RUN 22, 	78557.14243695565	0.187	13.792	3424
,     RUN 23, 	78321.24643095177	0.187	13.132	3482
,     RUN 24, 	79924.79693165394	0.187	12.982	3442
,     RUN 25, 	79530.0120807065	0.187	9.829	3275
,     RUN 26, 	77889.42500895204	0.187	13.526	3364
,     RUN 27, 	78973.93266109498	0.188	11.887	3465
,     RUN 28, 	79897.83269266954	0.188	8.149	3575
,     RUN 29, 	78180.13801818142	0.188	12.265	3470
,     RUN 30, 	80016.97240551077	0.188	12.006	3480
]