0.09732234042553711 
0.09570055780933706 
0.09838243037975158 
0.09457874175546255 
0.09847994936709514 
0.09306983240224342 
0.0956767241379386 
0.09660065889509128 
0.0964961479979809 
0.09579710953347575 
0.09562723123733063 
0.09481466260782156 
0.09460816844242137 
0.0974352077001055 
0.09466580416033288 
0.09468650431254011 
0.09480187721969302 
0.0966018753167831 
0.09923112348178609 
0.09650273694881406 
0.09452912227296517 
0.09301112239716669 
0.09304443880143021 
0.09657501267106572 
0.09742061803445301 
0.09401467005077091 
0.09822364556962637 
0.09832916455696883 
0.09830759493671326 
0.09395497461929558 
0.09375761421320494 
