0.05893331500825982 
0.060045769230787305 
0.058169031903208324 
0.0589675096206852 
0.05486539944904956 
0.05593023127754959 
0.056964061640081276 
0.05600401982380532 
0.05492743801654343 
0.05890417811986293 
0.05600269823790249 
0.05867822979660886 
0.05614091409693156 
0.05697969179968487 
0.05600820484583002 
0.05690132085857347 
0.05916036283674009 
0.055832103524243504 
0.05613595814979444 
0.057093065492585304 
0.057721067106723645 
0.05499763085400977 
0.05797948294831157 
0.05714446890480318 
0.057011832691264086 
0.05503443526172225 
0.059694230769245626 
0.05501360881544193 
0.05616712555067638 
0.0550072176308708 
0.05808311331134852 
