0.18573625302826313 
0.1852430067294757 
0.18133147098515456 
0.19012897449664412 
0.1749619701897004 
0.1901021073825504 
0.19226372922251955 
0.1877508279569875 
0.19212033512064441 
0.19864203204272524 
0.19257955495978452 
0.18579690174966312 
0.18973064966442843 
0.19007255570469783 
0.1924050777479892 
0.19593617647058803 
0.18565190578734725 
0.19411865863453792 
0.18119324696356243 
0.18537850336473694 
0.19454908165997298 
0.17728998376183935 
0.19157886058981155 
0.18563081292059103 
0.18795949193548322 
0.1944516974564926 
0.19621627005347664 
0.19233824128686272 
0.19029113020134114 
0.18975252080536864 
0.1880368467741932 
