[PROBLEM DOMAIN BinPacking
,   instance 11 
,     RUN 0, 	0.09732234042553711	0.051	1.737	0
][PROBLEM DOMAIN BinPacking
,   instance 11 
,     RUN 0, 	0.09732234042553711	0.051	1.737	0
,     RUN 1, 	0.09570055780933706	0.094	1.76	0
][PROBLEM DOMAIN BinPacking
,   instance 11 
,     RUN 0, 	0.09732234042553711	0.051	1.737	0
,     RUN 1, 	0.09570055780933706	0.094	1.76	0
,     RUN 2, 	0.09838243037975158	0.095	2.096	0
][PROBLEM DOMAIN BinPacking
,   instance 11 
,     RUN 0, 	0.09732234042553711	0.051	1.737	0
,     RUN 1, 	0.09570055780933706	0.094	1.76	0
,     RUN 2, 	0.09838243037975158	0.095	2.096	0
,     RUN 3, 	0.09457874175546255	0.095	1.029	0
][PROBLEM DOMAIN BinPacking
,   instance 11 
,     RUN 0, 	0.09732234042553711	0.051	1.737	0
,     RUN 1, 	0.09570055780933706	0.094	1.76	0
,     RUN 2, 	0.09838243037975158	0.095	2.096	0
,     RUN 3, 	0.09457874175546255	0.095	1.029	0
,     RUN 4, 	0.09847994936709514	0.095	1.199	0
][PROBLEM DOMAIN BinPacking
,   instance 11 
,     RUN 0, 	0.09732234042553711	0.051	1.737	0
,     RUN 1, 	0.09570055780933706	0.094	1.76	0
,     RUN 2, 	0.09838243037975158	0.095	2.096	0
,     RUN 3, 	0.09457874175546255	0.095	1.029	0
,     RUN 4, 	0.09847994936709514	0.095	1.199	0
,     RUN 5, 	0.09306983240224342	0.095	1.733	0
][PROBLEM DOMAIN BinPacking
,   instance 11 
,     RUN 0, 	0.09732234042553711	0.051	1.737	0
,     RUN 1, 	0.09570055780933706	0.094	1.76	0
,     RUN 2, 	0.09838243037975158	0.095	2.096	0
,     RUN 3, 	0.09457874175546255	0.095	1.029	0
,     RUN 4, 	0.09847994936709514	0.095	1.199	0
,     RUN 5, 	0.09306983240224342	0.095	1.733	0
,     RUN 6, 	0.0956767241379386	0.096	1.339	0
][PROBLEM DOMAIN BinPacking
,   instance 11 
,     RUN 0, 	0.09732234042553711	0.051	1.737	0
,     RUN 1, 	0.09570055780933706	0.094	1.76	0
,     RUN 2, 	0.09838243037975158	0.095	2.096	0
,     RUN 3, 	0.09457874175546255	0.095	1.029	0
,     RUN 4, 	0.09847994936709514	0.095	1.199	0
,     RUN 5, 	0.09306983240224342	0.095	1.733	0
,     RUN 6, 	0.0956767241379386	0.096	1.339	0
,     RUN 7, 	0.09660065889509128	0.096	1.613	0
][PROBLEM DOMAIN BinPacking
,   instance 11 
,     RUN 0, 	0.09732234042553711	0.051	1.737	0
,     RUN 1, 	0.09570055780933706	0.094	1.76	0
,     RUN 2, 	0.09838243037975158	0.095	2.096	0
,     RUN 3, 	0.09457874175546255	0.095	1.029	0
,     RUN 4, 	0.09847994936709514	0.095	1.199	0
,     RUN 5, 	0.09306983240224342	0.095	1.733	0
,     RUN 6, 	0.0956767241379386	0.096	1.339	0
,     RUN 7, 	0.09660065889509128	0.096	1.613	0
,     RUN 8, 	0.0964961479979809	0.096	1.503	0
][PROBLEM DOMAIN BinPacking
,   instance 11 
,     RUN 0, 	0.09732234042553711	0.051	1.737	0
,     RUN 1, 	0.09570055780933706	0.094	1.76	0
,     RUN 2, 	0.09838243037975158	0.095	2.096	0
,     RUN 3, 	0.09457874175546255	0.095	1.029	0
,     RUN 4, 	0.09847994936709514	0.095	1.199	0
,     RUN 5, 	0.09306983240224342	0.095	1.733	0
,     RUN 6, 	0.0956767241379386	0.096	1.339	0
,     RUN 7, 	0.09660065889509128	0.096	1.613	0
,     RUN 8, 	0.0964961479979809	0.096	1.503	0
,     RUN 9, 	0.09579710953347575	0.097	1.23	0
][PROBLEM DOMAIN BinPacking
,   instance 11 
,     RUN 0, 	0.09732234042553711	0.051	1.737	0
,     RUN 1, 	0.09570055780933706	0.094	1.76	0
,     RUN 2, 	0.09838243037975158	0.095	2.096	0
,     RUN 3, 	0.09457874175546255	0.095	1.029	0
,     RUN 4, 	0.09847994936709514	0.095	1.199	0
,     RUN 5, 	0.09306983240224342	0.095	1.733	0
,     RUN 6, 	0.0956767241379386	0.096	1.339	0
,     RUN 7, 	0.09660065889509128	0.096	1.613	0
,     RUN 8, 	0.0964961479979809	0.096	1.503	0
,     RUN 9, 	0.09579710953347575	0.097	1.23	0
,     RUN 10, 	0.09562723123733063	0.097	0.522	0
][PROBLEM DOMAIN BinPacking
,   instance 11 
,     RUN 0, 	0.09732234042553711	0.051	1.737	0
,     RUN 1, 	0.09570055780933706	0.094	1.76	0
,     RUN 2, 	0.09838243037975158	0.095	2.096	0
,     RUN 3, 	0.09457874175546255	0.095	1.029	0
,     RUN 4, 	0.09847994936709514	0.095	1.199	0
,     RUN 5, 	0.09306983240224342	0.095	1.733	0
,     RUN 6, 	0.0956767241379386	0.096	1.339	0
,     RUN 7, 	0.09660065889509128	0.096	1.613	0
,     RUN 8, 	0.0964961479979809	0.096	1.503	0
,     RUN 9, 	0.09579710953347575	0.097	1.23	0
,     RUN 10, 	0.09562723123733063	0.097	0.522	0
,     RUN 11, 	0.09481466260782156	0.097	0.764	0
][PROBLEM DOMAIN BinPacking
,   instance 11 
,     RUN 0, 	0.09732234042553711	0.051	1.737	0
,     RUN 1, 	0.09570055780933706	0.094	1.76	0
,     RUN 2, 	0.09838243037975158	0.095	2.096	0
,     RUN 3, 	0.09457874175546255	0.095	1.029	0
,     RUN 4, 	0.09847994936709514	0.095	1.199	0
,     RUN 5, 	0.09306983240224342	0.095	1.733	0
,     RUN 6, 	0.0956767241379386	0.096	1.339	0
,     RUN 7, 	0.09660065889509128	0.096	1.613	0
,     RUN 8, 	0.0964961479979809	0.096	1.503	0
,     RUN 9, 	0.09579710953347575	0.097	1.23	0
,     RUN 10, 	0.09562723123733063	0.097	0.522	0
,     RUN 11, 	0.09481466260782156	0.097	0.764	0
,     RUN 12, 	0.09460816844242137	0.097	1.337	0
][PROBLEM DOMAIN BinPacking
,   instance 11 
,     RUN 0, 	0.09732234042553711	0.051	1.737	0
,     RUN 1, 	0.09570055780933706	0.094	1.76	0
,     RUN 2, 	0.09838243037975158	0.095	2.096	0
,     RUN 3, 	0.09457874175546255	0.095	1.029	0
,     RUN 4, 	0.09847994936709514	0.095	1.199	0
,     RUN 5, 	0.09306983240224342	0.095	1.733	0
,     RUN 6, 	0.0956767241379386	0.096	1.339	0
,     RUN 7, 	0.09660065889509128	0.096	1.613	0
,     RUN 8, 	0.0964961479979809	0.096	1.503	0
,     RUN 9, 	0.09579710953347575	0.097	1.23	0
,     RUN 10, 	0.09562723123733063	0.097	0.522	0
,     RUN 11, 	0.09481466260782156	0.097	0.764	0
,     RUN 12, 	0.09460816844242137	0.097	1.337	0
,     RUN 13, 	0.0974352077001055	0.097	1.42	0
][PROBLEM DOMAIN BinPacking
,   instance 11 
,     RUN 0, 	0.09732234042553711	0.051	1.737	0
,     RUN 1, 	0.09570055780933706	0.094	1.76	0
,     RUN 2, 	0.09838243037975158	0.095	2.096	0
,     RUN 3, 	0.09457874175546255	0.095	1.029	0
,     RUN 4, 	0.09847994936709514	0.095	1.199	0
,     RUN 5, 	0.09306983240224342	0.095	1.733	0
,     RUN 6, 	0.0956767241379386	0.096	1.339	0
,     RUN 7, 	0.09660065889509128	0.096	1.613	0
,     RUN 8, 	0.0964961479979809	0.096	1.503	0
,     RUN 9, 	0.09579710953347575	0.097	1.23	0
,     RUN 10, 	0.09562723123733063	0.097	0.522	0
,     RUN 11, 	0.09481466260782156	0.097	0.764	0
,     RUN 12, 	0.09460816844242137	0.097	1.337	0
,     RUN 13, 	0.0974352077001055	0.097	1.42	0
,     RUN 14, 	0.09466580416033288	0.098	1.394	0
][PROBLEM DOMAIN BinPacking
,   instance 11 
,     RUN 0, 	0.09732234042553711	0.051	1.737	0
,     RUN 1, 	0.09570055780933706	0.094	1.76	0
,     RUN 2, 	0.09838243037975158	0.095	2.096	0
,     RUN 3, 	0.09457874175546255	0.095	1.029	0
,     RUN 4, 	0.09847994936709514	0.095	1.199	0
,     RUN 5, 	0.09306983240224342	0.095	1.733	0
,     RUN 6, 	0.0956767241379386	0.096	1.339	0
,     RUN 7, 	0.09660065889509128	0.096	1.613	0
,     RUN 8, 	0.0964961479979809	0.096	1.503	0
,     RUN 9, 	0.09579710953347575	0.097	1.23	0
,     RUN 10, 	0.09562723123733063	0.097	0.522	0
,     RUN 11, 	0.09481466260782156	0.097	0.764	0
,     RUN 12, 	0.09460816844242137	0.097	1.337	0
,     RUN 13, 	0.0974352077001055	0.097	1.42	0
,     RUN 14, 	0.09466580416033288	0.098	1.394	0
,     RUN 15, 	0.09468650431254011	0.098	1.344	0
][PROBLEM DOMAIN BinPacking
,   instance 11 
,     RUN 0, 	0.09732234042553711	0.051	1.737	0
,     RUN 1, 	0.09570055780933706	0.094	1.76	0
,     RUN 2, 	0.09838243037975158	0.095	2.096	0
,     RUN 3, 	0.09457874175546255	0.095	1.029	0
,     RUN 4, 	0.09847994936709514	0.095	1.199	0
,     RUN 5, 	0.09306983240224342	0.095	1.733	0
,     RUN 6, 	0.0956767241379386	0.096	1.339	0
,     RUN 7, 	0.09660065889509128	0.096	1.613	0
,     RUN 8, 	0.0964961479979809	0.096	1.503	0
,     RUN 9, 	0.09579710953347575	0.097	1.23	0
,     RUN 10, 	0.09562723123733063	0.097	0.522	0
,     RUN 11, 	0.09481466260782156	0.097	0.764	0
,     RUN 12, 	0.09460816844242137	0.097	1.337	0
,     RUN 13, 	0.0974352077001055	0.097	1.42	0
,     RUN 14, 	0.09466580416033288	0.098	1.394	0
,     RUN 15, 	0.09468650431254011	0.098	1.344	0
,     RUN 16, 	0.09480187721969302	0.098	0.517	0
][PROBLEM DOMAIN BinPacking
,   instance 11 
,     RUN 0, 	0.09732234042553711	0.051	1.737	0
,     RUN 1, 	0.09570055780933706	0.094	1.76	0
,     RUN 2, 	0.09838243037975158	0.095	2.096	0
,     RUN 3, 	0.09457874175546255	0.095	1.029	0
,     RUN 4, 	0.09847994936709514	0.095	1.199	0
,     RUN 5, 	0.09306983240224342	0.095	1.733	0
,     RUN 6, 	0.0956767241379386	0.096	1.339	0
,     RUN 7, 	0.09660065889509128	0.096	1.613	0
,     RUN 8, 	0.0964961479979809	0.096	1.503	0
,     RUN 9, 	0.09579710953347575	0.097	1.23	0
,     RUN 10, 	0.09562723123733063	0.097	0.522	0
,     RUN 11, 	0.09481466260782156	0.097	0.764	0
,     RUN 12, 	0.09460816844242137	0.097	1.337	0
,     RUN 13, 	0.0974352077001055	0.097	1.42	0
,     RUN 14, 	0.09466580416033288	0.098	1.394	0
,     RUN 15, 	0.09468650431254011	0.098	1.344	0
,     RUN 16, 	0.09480187721969302	0.098	0.517	0
,     RUN 17, 	0.0966018753167831	0.098	0.807	0
][PROBLEM DOMAIN BinPacking
,   instance 11 
,     RUN 0, 	0.09732234042553711	0.051	1.737	0
,     RUN 1, 	0.09570055780933706	0.094	1.76	0
,     RUN 2, 	0.09838243037975158	0.095	2.096	0
,     RUN 3, 	0.09457874175546255	0.095	1.029	0
,     RUN 4, 	0.09847994936709514	0.095	1.199	0
,     RUN 5, 	0.09306983240224342	0.095	1.733	0
,     RUN 6, 	0.0956767241379386	0.096	1.339	0
,     RUN 7, 	0.09660065889509128	0.096	1.613	0
,     RUN 8, 	0.0964961479979809	0.096	1.503	0
,     RUN 9, 	0.09579710953347575	0.097	1.23	0
,     RUN 10, 	0.09562723123733063	0.097	0.522	0
,     RUN 11, 	0.09481466260782156	0.097	0.764	0
,     RUN 12, 	0.09460816844242137	0.097	1.337	0
,     RUN 13, 	0.0974352077001055	0.097	1.42	0
,     RUN 14, 	0.09466580416033288	0.098	1.394	0
,     RUN 15, 	0.09468650431254011	0.098	1.344	0
,     RUN 16, 	0.09480187721969302	0.098	0.517	0
,     RUN 17, 	0.0966018753167831	0.098	0.807	0
,     RUN 18, 	0.09923112348178609	0.099	0.661	0
][PROBLEM DOMAIN BinPacking
,   instance 11 
,     RUN 0, 	0.09732234042553711	0.051	1.737	0
,     RUN 1, 	0.09570055780933706	0.094	1.76	0
,     RUN 2, 	0.09838243037975158	0.095	2.096	0
,     RUN 3, 	0.09457874175546255	0.095	1.029	0
,     RUN 4, 	0.09847994936709514	0.095	1.199	0
,     RUN 5, 	0.09306983240224342	0.095	1.733	0
,     RUN 6, 	0.0956767241379386	0.096	1.339	0
,     RUN 7, 	0.09660065889509128	0.096	1.613	0
,     RUN 8, 	0.0964961479979809	0.096	1.503	0
,     RUN 9, 	0.09579710953347575	0.097	1.23	0
,     RUN 10, 	0.09562723123733063	0.097	0.522	0
,     RUN 11, 	0.09481466260782156	0.097	0.764	0
,     RUN 12, 	0.09460816844242137	0.097	1.337	0
,     RUN 13, 	0.0974352077001055	0.097	1.42	0
,     RUN 14, 	0.09466580416033288	0.098	1.394	0
,     RUN 15, 	0.09468650431254011	0.098	1.344	0
,     RUN 16, 	0.09480187721969302	0.098	0.517	0
,     RUN 17, 	0.0966018753167831	0.098	0.807	0
,     RUN 18, 	0.09923112348178609	0.099	0.661	0
,     RUN 19, 	0.09650273694881406	0.099	0.572	0
][PROBLEM DOMAIN BinPacking
,   instance 11 
,     RUN 0, 	0.09732234042553711	0.051	1.737	0
,     RUN 1, 	0.09570055780933706	0.094	1.76	0
,     RUN 2, 	0.09838243037975158	0.095	2.096	0
,     RUN 3, 	0.09457874175546255	0.095	1.029	0
,     RUN 4, 	0.09847994936709514	0.095	1.199	0
,     RUN 5, 	0.09306983240224342	0.095	1.733	0
,     RUN 6, 	0.0956767241379386	0.096	1.339	0
,     RUN 7, 	0.09660065889509128	0.096	1.613	0
,     RUN 8, 	0.0964961479979809	0.096	1.503	0
,     RUN 9, 	0.09579710953347575	0.097	1.23	0
,     RUN 10, 	0.09562723123733063	0.097	0.522	0
,     RUN 11, 	0.09481466260782156	0.097	0.764	0
,     RUN 12, 	0.09460816844242137	0.097	1.337	0
,     RUN 13, 	0.0974352077001055	0.097	1.42	0
,     RUN 14, 	0.09466580416033288	0.098	1.394	0
,     RUN 15, 	0.09468650431254011	0.098	1.344	0
,     RUN 16, 	0.09480187721969302	0.098	0.517	0
,     RUN 17, 	0.0966018753167831	0.098	0.807	0
,     RUN 18, 	0.09923112348178609	0.099	0.661	0
,     RUN 19, 	0.09650273694881406	0.099	0.572	0
,     RUN 20, 	0.09452912227296517	0.099	0.528	0
][PROBLEM DOMAIN BinPacking
,   instance 11 
,     RUN 0, 	0.09732234042553711	0.051	1.737	0
,     RUN 1, 	0.09570055780933706	0.094	1.76	0
,     RUN 2, 	0.09838243037975158	0.095	2.096	0
,     RUN 3, 	0.09457874175546255	0.095	1.029	0
,     RUN 4, 	0.09847994936709514	0.095	1.199	0
,     RUN 5, 	0.09306983240224342	0.095	1.733	0
,     RUN 6, 	0.0956767241379386	0.096	1.339	0
,     RUN 7, 	0.09660065889509128	0.096	1.613	0
,     RUN 8, 	0.0964961479979809	0.096	1.503	0
,     RUN 9, 	0.09579710953347575	0.097	1.23	0
,     RUN 10, 	0.09562723123733063	0.097	0.522	0
,     RUN 11, 	0.09481466260782156	0.097	0.764	0
,     RUN 12, 	0.09460816844242137	0.097	1.337	0
,     RUN 13, 	0.0974352077001055	0.097	1.42	0
,     RUN 14, 	0.09466580416033288	0.098	1.394	0
,     RUN 15, 	0.09468650431254011	0.098	1.344	0
,     RUN 16, 	0.09480187721969302	0.098	0.517	0
,     RUN 17, 	0.0966018753167831	0.098	0.807	0
,     RUN 18, 	0.09923112348178609	0.099	0.661	0
,     RUN 19, 	0.09650273694881406	0.099	0.572	0
,     RUN 20, 	0.09452912227296517	0.099	0.528	0
,     RUN 21, 	0.09301112239716669	0.099	1.237	0
][PROBLEM DOMAIN BinPacking
,   instance 11 
,     RUN 0, 	0.09732234042553711	0.051	1.737	0
,     RUN 1, 	0.09570055780933706	0.094	1.76	0
,     RUN 2, 	0.09838243037975158	0.095	2.096	0
,     RUN 3, 	0.09457874175546255	0.095	1.029	0
,     RUN 4, 	0.09847994936709514	0.095	1.199	0
,     RUN 5, 	0.09306983240224342	0.095	1.733	0
,     RUN 6, 	0.0956767241379386	0.096	1.339	0
,     RUN 7, 	0.09660065889509128	0.096	1.613	0
,     RUN 8, 	0.0964961479979809	0.096	1.503	0
,     RUN 9, 	0.09579710953347575	0.097	1.23	0
,     RUN 10, 	0.09562723123733063	0.097	0.522	0
,     RUN 11, 	0.09481466260782156	0.097	0.764	0
,     RUN 12, 	0.09460816844242137	0.097	1.337	0
,     RUN 13, 	0.0974352077001055	0.097	1.42	0
,     RUN 14, 	0.09466580416033288	0.098	1.394	0
,     RUN 15, 	0.09468650431254011	0.098	1.344	0
,     RUN 16, 	0.09480187721969302	0.098	0.517	0
,     RUN 17, 	0.0966018753167831	0.098	0.807	0
,     RUN 18, 	0.09923112348178609	0.099	0.661	0
,     RUN 19, 	0.09650273694881406	0.099	0.572	0
,     RUN 20, 	0.09452912227296517	0.099	0.528	0
,     RUN 21, 	0.09301112239716669	0.099	1.237	0
,     RUN 22, 	0.09304443880143021	0.1	1.791	0
][PROBLEM DOMAIN BinPacking
,   instance 11 
,     RUN 0, 	0.09732234042553711	0.051	1.737	0
,     RUN 1, 	0.09570055780933706	0.094	1.76	0
,     RUN 2, 	0.09838243037975158	0.095	2.096	0
,     RUN 3, 	0.09457874175546255	0.095	1.029	0
,     RUN 4, 	0.09847994936709514	0.095	1.199	0
,     RUN 5, 	0.09306983240224342	0.095	1.733	0
,     RUN 6, 	0.0956767241379386	0.096	1.339	0
,     RUN 7, 	0.09660065889509128	0.096	1.613	0
,     RUN 8, 	0.0964961479979809	0.096	1.503	0
,     RUN 9, 	0.09579710953347575	0.097	1.23	0
,     RUN 10, 	0.09562723123733063	0.097	0.522	0
,     RUN 11, 	0.09481466260782156	0.097	0.764	0
,     RUN 12, 	0.09460816844242137	0.097	1.337	0
,     RUN 13, 	0.0974352077001055	0.097	1.42	0
,     RUN 14, 	0.09466580416033288	0.098	1.394	0
,     RUN 15, 	0.09468650431254011	0.098	1.344	0
,     RUN 16, 	0.09480187721969302	0.098	0.517	0
,     RUN 17, 	0.0966018753167831	0.098	0.807	0
,     RUN 18, 	0.09923112348178609	0.099	0.661	0
,     RUN 19, 	0.09650273694881406	0.099	0.572	0
,     RUN 20, 	0.09452912227296517	0.099	0.528	0
,     RUN 21, 	0.09301112239716669	0.099	1.237	0
,     RUN 22, 	0.09304443880143021	0.1	1.791	0
,     RUN 23, 	0.09657501267106572	0.1	0.492	0
][PROBLEM DOMAIN BinPacking
,   instance 11 
,     RUN 0, 	0.09732234042553711	0.051	1.737	0
,     RUN 1, 	0.09570055780933706	0.094	1.76	0
,     RUN 2, 	0.09838243037975158	0.095	2.096	0
,     RUN 3, 	0.09457874175546255	0.095	1.029	0
,     RUN 4, 	0.09847994936709514	0.095	1.199	0
,     RUN 5, 	0.09306983240224342	0.095	1.733	0
,     RUN 6, 	0.0956767241379386	0.096	1.339	0
,     RUN 7, 	0.09660065889509128	0.096	1.613	0
,     RUN 8, 	0.0964961479979809	0.096	1.503	0
,     RUN 9, 	0.09579710953347575	0.097	1.23	0
,     RUN 10, 	0.09562723123733063	0.097	0.522	0
,     RUN 11, 	0.09481466260782156	0.097	0.764	0
,     RUN 12, 	0.09460816844242137	0.097	1.337	0
,     RUN 13, 	0.0974352077001055	0.097	1.42	0
,     RUN 14, 	0.09466580416033288	0.098	1.394	0
,     RUN 15, 	0.09468650431254011	0.098	1.344	0
,     RUN 16, 	0.09480187721969302	0.098	0.517	0
,     RUN 17, 	0.0966018753167831	0.098	0.807	0
,     RUN 18, 	0.09923112348178609	0.099	0.661	0
,     RUN 19, 	0.09650273694881406	0.099	0.572	0
,     RUN 20, 	0.09452912227296517	0.099	0.528	0
,     RUN 21, 	0.09301112239716669	0.099	1.237	0
,     RUN 22, 	0.09304443880143021	0.1	1.791	0
,     RUN 23, 	0.09657501267106572	0.1	0.492	0
,     RUN 24, 	0.09742061803445301	0.1	2.133	0
][PROBLEM DOMAIN BinPacking
,   instance 11 
,     RUN 0, 	0.09732234042553711	0.051	1.737	0
,     RUN 1, 	0.09570055780933706	0.094	1.76	0
,     RUN 2, 	0.09838243037975158	0.095	2.096	0
,     RUN 3, 	0.09457874175546255	0.095	1.029	0
,     RUN 4, 	0.09847994936709514	0.095	1.199	0
,     RUN 5, 	0.09306983240224342	0.095	1.733	0
,     RUN 6, 	0.0956767241379386	0.096	1.339	0
,     RUN 7, 	0.09660065889509128	0.096	1.613	0
,     RUN 8, 	0.0964961479979809	0.096	1.503	0
,     RUN 9, 	0.09579710953347575	0.097	1.23	0
,     RUN 10, 	0.09562723123733063	0.097	0.522	0
,     RUN 11, 	0.09481466260782156	0.097	0.764	0
,     RUN 12, 	0.09460816844242137	0.097	1.337	0
,     RUN 13, 	0.0974352077001055	0.097	1.42	0
,     RUN 14, 	0.09466580416033288	0.098	1.394	0
,     RUN 15, 	0.09468650431254011	0.098	1.344	0
,     RUN 16, 	0.09480187721969302	0.098	0.517	0
,     RUN 17, 	0.0966018753167831	0.098	0.807	0
,     RUN 18, 	0.09923112348178609	0.099	0.661	0
,     RUN 19, 	0.09650273694881406	0.099	0.572	0
,     RUN 20, 	0.09452912227296517	0.099	0.528	0
,     RUN 21, 	0.09301112239716669	0.099	1.237	0
,     RUN 22, 	0.09304443880143021	0.1	1.791	0
,     RUN 23, 	0.09657501267106572	0.1	0.492	0
,     RUN 24, 	0.09742061803445301	0.1	2.133	0
,     RUN 25, 	0.09401467005077091	0.1	1.957	0
][PROBLEM DOMAIN BinPacking
,   instance 11 
,     RUN 0, 	0.09732234042553711	0.051	1.737	0
,     RUN 1, 	0.09570055780933706	0.094	1.76	0
,     RUN 2, 	0.09838243037975158	0.095	2.096	0
,     RUN 3, 	0.09457874175546255	0.095	1.029	0
,     RUN 4, 	0.09847994936709514	0.095	1.199	0
,     RUN 5, 	0.09306983240224342	0.095	1.733	0
,     RUN 6, 	0.0956767241379386	0.096	1.339	0
,     RUN 7, 	0.09660065889509128	0.096	1.613	0
,     RUN 8, 	0.0964961479979809	0.096	1.503	0
,     RUN 9, 	0.09579710953347575	0.097	1.23	0
,     RUN 10, 	0.09562723123733063	0.097	0.522	0
,     RUN 11, 	0.09481466260782156	0.097	0.764	0
,     RUN 12, 	0.09460816844242137	0.097	1.337	0
,     RUN 13, 	0.0974352077001055	0.097	1.42	0
,     RUN 14, 	0.09466580416033288	0.098	1.394	0
,     RUN 15, 	0.09468650431254011	0.098	1.344	0
,     RUN 16, 	0.09480187721969302	0.098	0.517	0
,     RUN 17, 	0.0966018753167831	0.098	0.807	0
,     RUN 18, 	0.09923112348178609	0.099	0.661	0
,     RUN 19, 	0.09650273694881406	0.099	0.572	0
,     RUN 20, 	0.09452912227296517	0.099	0.528	0
,     RUN 21, 	0.09301112239716669	0.099	1.237	0
,     RUN 22, 	0.09304443880143021	0.1	1.791	0
,     RUN 23, 	0.09657501267106572	0.1	0.492	0
,     RUN 24, 	0.09742061803445301	0.1	2.133	0
,     RUN 25, 	0.09401467005077091	0.1	1.957	0
,     RUN 26, 	0.09822364556962637	0.101	1.323	0
][PROBLEM DOMAIN BinPacking
,   instance 11 
,     RUN 0, 	0.09732234042553711	0.051	1.737	0
,     RUN 1, 	0.09570055780933706	0.094	1.76	0
,     RUN 2, 	0.09838243037975158	0.095	2.096	0
,     RUN 3, 	0.09457874175546255	0.095	1.029	0
,     RUN 4, 	0.09847994936709514	0.095	1.199	0
,     RUN 5, 	0.09306983240224342	0.095	1.733	0
,     RUN 6, 	0.0956767241379386	0.096	1.339	0
,     RUN 7, 	0.09660065889509128	0.096	1.613	0
,     RUN 8, 	0.0964961479979809	0.096	1.503	0
,     RUN 9, 	0.09579710953347575	0.097	1.23	0
,     RUN 10, 	0.09562723123733063	0.097	0.522	0
,     RUN 11, 	0.09481466260782156	0.097	0.764	0
,     RUN 12, 	0.09460816844242137	0.097	1.337	0
,     RUN 13, 	0.0974352077001055	0.097	1.42	0
,     RUN 14, 	0.09466580416033288	0.098	1.394	0
,     RUN 15, 	0.09468650431254011	0.098	1.344	0
,     RUN 16, 	0.09480187721969302	0.098	0.517	0
,     RUN 17, 	0.0966018753167831	0.098	0.807	0
,     RUN 18, 	0.09923112348178609	0.099	0.661	0
,     RUN 19, 	0.09650273694881406	0.099	0.572	0
,     RUN 20, 	0.09452912227296517	0.099	0.528	0
,     RUN 21, 	0.09301112239716669	0.099	1.237	0
,     RUN 22, 	0.09304443880143021	0.1	1.791	0
,     RUN 23, 	0.09657501267106572	0.1	0.492	0
,     RUN 24, 	0.09742061803445301	0.1	2.133	0
,     RUN 25, 	0.09401467005077091	0.1	1.957	0
,     RUN 26, 	0.09822364556962637	0.101	1.323	0
,     RUN 27, 	0.09832916455696883	0.101	1.431	0
][PROBLEM DOMAIN BinPacking
,   instance 11 
,     RUN 0, 	0.09732234042553711	0.051	1.737	0
,     RUN 1, 	0.09570055780933706	0.094	1.76	0
,     RUN 2, 	0.09838243037975158	0.095	2.096	0
,     RUN 3, 	0.09457874175546255	0.095	1.029	0
,     RUN 4, 	0.09847994936709514	0.095	1.199	0
,     RUN 5, 	0.09306983240224342	0.095	1.733	0
,     RUN 6, 	0.0956767241379386	0.096	1.339	0
,     RUN 7, 	0.09660065889509128	0.096	1.613	0
,     RUN 8, 	0.0964961479979809	0.096	1.503	0
,     RUN 9, 	0.09579710953347575	0.097	1.23	0
,     RUN 10, 	0.09562723123733063	0.097	0.522	0
,     RUN 11, 	0.09481466260782156	0.097	0.764	0
,     RUN 12, 	0.09460816844242137	0.097	1.337	0
,     RUN 13, 	0.0974352077001055	0.097	1.42	0
,     RUN 14, 	0.09466580416033288	0.098	1.394	0
,     RUN 15, 	0.09468650431254011	0.098	1.344	0
,     RUN 16, 	0.09480187721969302	0.098	0.517	0
,     RUN 17, 	0.0966018753167831	0.098	0.807	0
,     RUN 18, 	0.09923112348178609	0.099	0.661	0
,     RUN 19, 	0.09650273694881406	0.099	0.572	0
,     RUN 20, 	0.09452912227296517	0.099	0.528	0
,     RUN 21, 	0.09301112239716669	0.099	1.237	0
,     RUN 22, 	0.09304443880143021	0.1	1.791	0
,     RUN 23, 	0.09657501267106572	0.1	0.492	0
,     RUN 24, 	0.09742061803445301	0.1	2.133	0
,     RUN 25, 	0.09401467005077091	0.1	1.957	0
,     RUN 26, 	0.09822364556962637	0.101	1.323	0
,     RUN 27, 	0.09832916455696883	0.101	1.431	0
,     RUN 28, 	0.09830759493671326	0.101	1.157	0
][PROBLEM DOMAIN BinPacking
,   instance 11 
,     RUN 0, 	0.09732234042553711	0.051	1.737	0
,     RUN 1, 	0.09570055780933706	0.094	1.76	0
,     RUN 2, 	0.09838243037975158	0.095	2.096	0
,     RUN 3, 	0.09457874175546255	0.095	1.029	0
,     RUN 4, 	0.09847994936709514	0.095	1.199	0
,     RUN 5, 	0.09306983240224342	0.095	1.733	0
,     RUN 6, 	0.0956767241379386	0.096	1.339	0
,     RUN 7, 	0.09660065889509128	0.096	1.613	0
,     RUN 8, 	0.0964961479979809	0.096	1.503	0
,     RUN 9, 	0.09579710953347575	0.097	1.23	0
,     RUN 10, 	0.09562723123733063	0.097	0.522	0
,     RUN 11, 	0.09481466260782156	0.097	0.764	0
,     RUN 12, 	0.09460816844242137	0.097	1.337	0
,     RUN 13, 	0.0974352077001055	0.097	1.42	0
,     RUN 14, 	0.09466580416033288	0.098	1.394	0
,     RUN 15, 	0.09468650431254011	0.098	1.344	0
,     RUN 16, 	0.09480187721969302	0.098	0.517	0
,     RUN 17, 	0.0966018753167831	0.098	0.807	0
,     RUN 18, 	0.09923112348178609	0.099	0.661	0
,     RUN 19, 	0.09650273694881406	0.099	0.572	0
,     RUN 20, 	0.09452912227296517	0.099	0.528	0
,     RUN 21, 	0.09301112239716669	0.099	1.237	0
,     RUN 22, 	0.09304443880143021	0.1	1.791	0
,     RUN 23, 	0.09657501267106572	0.1	0.492	0
,     RUN 24, 	0.09742061803445301	0.1	2.133	0
,     RUN 25, 	0.09401467005077091	0.1	1.957	0
,     RUN 26, 	0.09822364556962637	0.101	1.323	0
,     RUN 27, 	0.09832916455696883	0.101	1.431	0
,     RUN 28, 	0.09830759493671326	0.101	1.157	0
,     RUN 29, 	0.09395497461929558	0.101	1.008	0
][PROBLEM DOMAIN BinPacking
,   instance 11 
,     RUN 0, 	0.09732234042553711	0.051	1.737	0
,     RUN 1, 	0.09570055780933706	0.094	1.76	0
,     RUN 2, 	0.09838243037975158	0.095	2.096	0
,     RUN 3, 	0.09457874175546255	0.095	1.029	0
,     RUN 4, 	0.09847994936709514	0.095	1.199	0
,     RUN 5, 	0.09306983240224342	0.095	1.733	0
,     RUN 6, 	0.0956767241379386	0.096	1.339	0
,     RUN 7, 	0.09660065889509128	0.096	1.613	0
,     RUN 8, 	0.0964961479979809	0.096	1.503	0
,     RUN 9, 	0.09579710953347575	0.097	1.23	0
,     RUN 10, 	0.09562723123733063	0.097	0.522	0
,     RUN 11, 	0.09481466260782156	0.097	0.764	0
,     RUN 12, 	0.09460816844242137	0.097	1.337	0
,     RUN 13, 	0.0974352077001055	0.097	1.42	0
,     RUN 14, 	0.09466580416033288	0.098	1.394	0
,     RUN 15, 	0.09468650431254011	0.098	1.344	0
,     RUN 16, 	0.09480187721969302	0.098	0.517	0
,     RUN 17, 	0.0966018753167831	0.098	0.807	0
,     RUN 18, 	0.09923112348178609	0.099	0.661	0
,     RUN 19, 	0.09650273694881406	0.099	0.572	0
,     RUN 20, 	0.09452912227296517	0.099	0.528	0
,     RUN 21, 	0.09301112239716669	0.099	1.237	0
,     RUN 22, 	0.09304443880143021	0.1	1.791	0
,     RUN 23, 	0.09657501267106572	0.1	0.492	0
,     RUN 24, 	0.09742061803445301	0.1	2.133	0
,     RUN 25, 	0.09401467005077091	0.1	1.957	0
,     RUN 26, 	0.09822364556962637	0.101	1.323	0
,     RUN 27, 	0.09832916455696883	0.101	1.431	0
,     RUN 28, 	0.09830759493671326	0.101	1.157	0
,     RUN 29, 	0.09395497461929558	0.101	1.008	0
,     RUN 30, 	0.09375761421320494	0.102	1.075	0
]