[PROBLEM DOMAIN FlowShop
,   instance 11 
,     RUN 0, 	26930.0	0.063	7.044	770
][PROBLEM DOMAIN FlowShop
,   instance 11 
,     RUN 0, 	26930.0	0.063	7.044	770
,     RUN 1, 	27164.0	0.064	2.776	673
][PROBLEM DOMAIN FlowShop
,   instance 11 
,     RUN 0, 	26930.0	0.063	7.044	770
,     RUN 1, 	27164.0	0.064	2.776	673
,     RUN 2, 	27151.0	0.064	3.024	1081
][PROBLEM DOMAIN FlowShop
,   instance 11 
,     RUN 0, 	26930.0	0.063	7.044	770
,     RUN 1, 	27164.0	0.064	2.776	673
,     RUN 2, 	27151.0	0.064	3.024	1081
,     RUN 3, 	27047.0	0.065	4.631	1112
][PROBLEM DOMAIN FlowShop
,   instance 11 
,     RUN 0, 	26930.0	0.063	7.044	770
,     RUN 1, 	27164.0	0.064	2.776	673
,     RUN 2, 	27151.0	0.064	3.024	1081
,     RUN 3, 	27047.0	0.065	4.631	1112
,     RUN 4, 	26994.0	0.065	7.588	1022
][PROBLEM DOMAIN FlowShop
,   instance 11 
,     RUN 0, 	26930.0	0.063	7.044	770
,     RUN 1, 	27164.0	0.064	2.776	673
,     RUN 2, 	27151.0	0.064	3.024	1081
,     RUN 3, 	27047.0	0.065	4.631	1112
,     RUN 4, 	26994.0	0.065	7.588	1022
,     RUN 5, 	27107.0	0.065	3.907	925
][PROBLEM DOMAIN FlowShop
,   instance 11 
,     RUN 0, 	26930.0	0.063	7.044	770
,     RUN 1, 	27164.0	0.064	2.776	673
,     RUN 2, 	27151.0	0.064	3.024	1081
,     RUN 3, 	27047.0	0.065	4.631	1112
,     RUN 4, 	26994.0	0.065	7.588	1022
,     RUN 5, 	27107.0	0.065	3.907	925
,     RUN 6, 	27177.0	0.065	3.925	1049
][PROBLEM DOMAIN FlowShop
,   instance 11 
,     RUN 0, 	26930.0	0.063	7.044	770
,     RUN 1, 	27164.0	0.064	2.776	673
,     RUN 2, 	27151.0	0.064	3.024	1081
,     RUN 3, 	27047.0	0.065	4.631	1112
,     RUN 4, 	26994.0	0.065	7.588	1022
,     RUN 5, 	27107.0	0.065	3.907	925
,     RUN 6, 	27177.0	0.065	3.925	1049
,     RUN 7, 	27095.0	0.066	11.315	936
][PROBLEM DOMAIN FlowShop
,   instance 11 
,     RUN 0, 	26930.0	0.063	7.044	770
,     RUN 1, 	27164.0	0.064	2.776	673
,     RUN 2, 	27151.0	0.064	3.024	1081
,     RUN 3, 	27047.0	0.065	4.631	1112
,     RUN 4, 	26994.0	0.065	7.588	1022
,     RUN 5, 	27107.0	0.065	3.907	925
,     RUN 6, 	27177.0	0.065	3.925	1049
,     RUN 7, 	27095.0	0.066	11.315	936
,     RUN 8, 	27038.0	0.066	6.469	1129
][PROBLEM DOMAIN FlowShop
,   instance 11 
,     RUN 0, 	26930.0	0.063	7.044	770
,     RUN 1, 	27164.0	0.064	2.776	673
,     RUN 2, 	27151.0	0.064	3.024	1081
,     RUN 3, 	27047.0	0.065	4.631	1112
,     RUN 4, 	26994.0	0.065	7.588	1022
,     RUN 5, 	27107.0	0.065	3.907	925
,     RUN 6, 	27177.0	0.065	3.925	1049
,     RUN 7, 	27095.0	0.066	11.315	936
,     RUN 8, 	27038.0	0.066	6.469	1129
,     RUN 9, 	27114.0	0.066	6.619	943
][PROBLEM DOMAIN FlowShop
,   instance 11 
,     RUN 0, 	26930.0	0.063	7.044	770
,     RUN 1, 	27164.0	0.064	2.776	673
,     RUN 2, 	27151.0	0.064	3.024	1081
,     RUN 3, 	27047.0	0.065	4.631	1112
,     RUN 4, 	26994.0	0.065	7.588	1022
,     RUN 5, 	27107.0	0.065	3.907	925
,     RUN 6, 	27177.0	0.065	3.925	1049
,     RUN 7, 	27095.0	0.066	11.315	936
,     RUN 8, 	27038.0	0.066	6.469	1129
,     RUN 9, 	27114.0	0.066	6.619	943
,     RUN 10, 	27034.0	0.066	5.472	1025
][PROBLEM DOMAIN FlowShop
,   instance 11 
,     RUN 0, 	26930.0	0.063	7.044	770
,     RUN 1, 	27164.0	0.064	2.776	673
,     RUN 2, 	27151.0	0.064	3.024	1081
,     RUN 3, 	27047.0	0.065	4.631	1112
,     RUN 4, 	26994.0	0.065	7.588	1022
,     RUN 5, 	27107.0	0.065	3.907	925
,     RUN 6, 	27177.0	0.065	3.925	1049
,     RUN 7, 	27095.0	0.066	11.315	936
,     RUN 8, 	27038.0	0.066	6.469	1129
,     RUN 9, 	27114.0	0.066	6.619	943
,     RUN 10, 	27034.0	0.066	5.472	1025
,     RUN 11, 	27199.0	0.066	4.846	1069
][PROBLEM DOMAIN FlowShop
,   instance 11 
,     RUN 0, 	26930.0	0.063	7.044	770
,     RUN 1, 	27164.0	0.064	2.776	673
,     RUN 2, 	27151.0	0.064	3.024	1081
,     RUN 3, 	27047.0	0.065	4.631	1112
,     RUN 4, 	26994.0	0.065	7.588	1022
,     RUN 5, 	27107.0	0.065	3.907	925
,     RUN 6, 	27177.0	0.065	3.925	1049
,     RUN 7, 	27095.0	0.066	11.315	936
,     RUN 8, 	27038.0	0.066	6.469	1129
,     RUN 9, 	27114.0	0.066	6.619	943
,     RUN 10, 	27034.0	0.066	5.472	1025
,     RUN 11, 	27199.0	0.066	4.846	1069
,     RUN 12, 	27030.0	0.067	7.287	1177
][PROBLEM DOMAIN FlowShop
,   instance 11 
,     RUN 0, 	26930.0	0.063	7.044	770
,     RUN 1, 	27164.0	0.064	2.776	673
,     RUN 2, 	27151.0	0.064	3.024	1081
,     RUN 3, 	27047.0	0.065	4.631	1112
,     RUN 4, 	26994.0	0.065	7.588	1022
,     RUN 5, 	27107.0	0.065	3.907	925
,     RUN 6, 	27177.0	0.065	3.925	1049
,     RUN 7, 	27095.0	0.066	11.315	936
,     RUN 8, 	27038.0	0.066	6.469	1129
,     RUN 9, 	27114.0	0.066	6.619	943
,     RUN 10, 	27034.0	0.066	5.472	1025
,     RUN 11, 	27199.0	0.066	4.846	1069
,     RUN 12, 	27030.0	0.067	7.287	1177
,     RUN 13, 	27012.0	0.067	4.825	1132
][PROBLEM DOMAIN FlowShop
,   instance 11 
,     RUN 0, 	26930.0	0.063	7.044	770
,     RUN 1, 	27164.0	0.064	2.776	673
,     RUN 2, 	27151.0	0.064	3.024	1081
,     RUN 3, 	27047.0	0.065	4.631	1112
,     RUN 4, 	26994.0	0.065	7.588	1022
,     RUN 5, 	27107.0	0.065	3.907	925
,     RUN 6, 	27177.0	0.065	3.925	1049
,     RUN 7, 	27095.0	0.066	11.315	936
,     RUN 8, 	27038.0	0.066	6.469	1129
,     RUN 9, 	27114.0	0.066	6.619	943
,     RUN 10, 	27034.0	0.066	5.472	1025
,     RUN 11, 	27199.0	0.066	4.846	1069
,     RUN 12, 	27030.0	0.067	7.287	1177
,     RUN 13, 	27012.0	0.067	4.825	1132
,     RUN 14, 	27029.0	0.067	4.998	1031
][PROBLEM DOMAIN FlowShop
,   instance 11 
,     RUN 0, 	26930.0	0.063	7.044	770
,     RUN 1, 	27164.0	0.064	2.776	673
,     RUN 2, 	27151.0	0.064	3.024	1081
,     RUN 3, 	27047.0	0.065	4.631	1112
,     RUN 4, 	26994.0	0.065	7.588	1022
,     RUN 5, 	27107.0	0.065	3.907	925
,     RUN 6, 	27177.0	0.065	3.925	1049
,     RUN 7, 	27095.0	0.066	11.315	936
,     RUN 8, 	27038.0	0.066	6.469	1129
,     RUN 9, 	27114.0	0.066	6.619	943
,     RUN 10, 	27034.0	0.066	5.472	1025
,     RUN 11, 	27199.0	0.066	4.846	1069
,     RUN 12, 	27030.0	0.067	7.287	1177
,     RUN 13, 	27012.0	0.067	4.825	1132
,     RUN 14, 	27029.0	0.067	4.998	1031
,     RUN 15, 	27056.0	0.067	8.904	1038
][PROBLEM DOMAIN FlowShop
,   instance 11 
,     RUN 0, 	26930.0	0.063	7.044	770
,     RUN 1, 	27164.0	0.064	2.776	673
,     RUN 2, 	27151.0	0.064	3.024	1081
,     RUN 3, 	27047.0	0.065	4.631	1112
,     RUN 4, 	26994.0	0.065	7.588	1022
,     RUN 5, 	27107.0	0.065	3.907	925
,     RUN 6, 	27177.0	0.065	3.925	1049
,     RUN 7, 	27095.0	0.066	11.315	936
,     RUN 8, 	27038.0	0.066	6.469	1129
,     RUN 9, 	27114.0	0.066	6.619	943
,     RUN 10, 	27034.0	0.066	5.472	1025
,     RUN 11, 	27199.0	0.066	4.846	1069
,     RUN 12, 	27030.0	0.067	7.287	1177
,     RUN 13, 	27012.0	0.067	4.825	1132
,     RUN 14, 	27029.0	0.067	4.998	1031
,     RUN 15, 	27056.0	0.067	8.904	1038
,     RUN 16, 	27067.0	0.068	8.714	1056
][PROBLEM DOMAIN FlowShop
,   instance 11 
,     RUN 0, 	26930.0	0.063	7.044	770
,     RUN 1, 	27164.0	0.064	2.776	673
,     RUN 2, 	27151.0	0.064	3.024	1081
,     RUN 3, 	27047.0	0.065	4.631	1112
,     RUN 4, 	26994.0	0.065	7.588	1022
,     RUN 5, 	27107.0	0.065	3.907	925
,     RUN 6, 	27177.0	0.065	3.925	1049
,     RUN 7, 	27095.0	0.066	11.315	936
,     RUN 8, 	27038.0	0.066	6.469	1129
,     RUN 9, 	27114.0	0.066	6.619	943
,     RUN 10, 	27034.0	0.066	5.472	1025
,     RUN 11, 	27199.0	0.066	4.846	1069
,     RUN 12, 	27030.0	0.067	7.287	1177
,     RUN 13, 	27012.0	0.067	4.825	1132
,     RUN 14, 	27029.0	0.067	4.998	1031
,     RUN 15, 	27056.0	0.067	8.904	1038
,     RUN 16, 	27067.0	0.068	8.714	1056
,     RUN 17, 	27081.0	0.068	2.561	1150
][PROBLEM DOMAIN FlowShop
,   instance 11 
,     RUN 0, 	26930.0	0.063	7.044	770
,     RUN 1, 	27164.0	0.064	2.776	673
,     RUN 2, 	27151.0	0.064	3.024	1081
,     RUN 3, 	27047.0	0.065	4.631	1112
,     RUN 4, 	26994.0	0.065	7.588	1022
,     RUN 5, 	27107.0	0.065	3.907	925
,     RUN 6, 	27177.0	0.065	3.925	1049
,     RUN 7, 	27095.0	0.066	11.315	936
,     RUN 8, 	27038.0	0.066	6.469	1129
,     RUN 9, 	27114.0	0.066	6.619	943
,     RUN 10, 	27034.0	0.066	5.472	1025
,     RUN 11, 	27199.0	0.066	4.846	1069
,     RUN 12, 	27030.0	0.067	7.287	1177
,     RUN 13, 	27012.0	0.067	4.825	1132
,     RUN 14, 	27029.0	0.067	4.998	1031
,     RUN 15, 	27056.0	0.067	8.904	1038
,     RUN 16, 	27067.0	0.068	8.714	1056
,     RUN 17, 	27081.0	0.068	2.561	1150
,     RUN 18, 	27124.0	0.068	6.041	975
][PROBLEM DOMAIN FlowShop
,   instance 11 
,     RUN 0, 	26930.0	0.063	7.044	770
,     RUN 1, 	27164.0	0.064	2.776	673
,     RUN 2, 	27151.0	0.064	3.024	1081
,     RUN 3, 	27047.0	0.065	4.631	1112
,     RUN 4, 	26994.0	0.065	7.588	1022
,     RUN 5, 	27107.0	0.065	3.907	925
,     RUN 6, 	27177.0	0.065	3.925	1049
,     RUN 7, 	27095.0	0.066	11.315	936
,     RUN 8, 	27038.0	0.066	6.469	1129
,     RUN 9, 	27114.0	0.066	6.619	943
,     RUN 10, 	27034.0	0.066	5.472	1025
,     RUN 11, 	27199.0	0.066	4.846	1069
,     RUN 12, 	27030.0	0.067	7.287	1177
,     RUN 13, 	27012.0	0.067	4.825	1132
,     RUN 14, 	27029.0	0.067	4.998	1031
,     RUN 15, 	27056.0	0.067	8.904	1038
,     RUN 16, 	27067.0	0.068	8.714	1056
,     RUN 17, 	27081.0	0.068	2.561	1150
,     RUN 18, 	27124.0	0.068	6.041	975
,     RUN 19, 	27106.0	0.068	8.432	923
][PROBLEM DOMAIN FlowShop
,   instance 11 
,     RUN 0, 	26930.0	0.063	7.044	770
,     RUN 1, 	27164.0	0.064	2.776	673
,     RUN 2, 	27151.0	0.064	3.024	1081
,     RUN 3, 	27047.0	0.065	4.631	1112
,     RUN 4, 	26994.0	0.065	7.588	1022
,     RUN 5, 	27107.0	0.065	3.907	925
,     RUN 6, 	27177.0	0.065	3.925	1049
,     RUN 7, 	27095.0	0.066	11.315	936
,     RUN 8, 	27038.0	0.066	6.469	1129
,     RUN 9, 	27114.0	0.066	6.619	943
,     RUN 10, 	27034.0	0.066	5.472	1025
,     RUN 11, 	27199.0	0.066	4.846	1069
,     RUN 12, 	27030.0	0.067	7.287	1177
,     RUN 13, 	27012.0	0.067	4.825	1132
,     RUN 14, 	27029.0	0.067	4.998	1031
,     RUN 15, 	27056.0	0.067	8.904	1038
,     RUN 16, 	27067.0	0.068	8.714	1056
,     RUN 17, 	27081.0	0.068	2.561	1150
,     RUN 18, 	27124.0	0.068	6.041	975
,     RUN 19, 	27106.0	0.068	8.432	923
,     RUN 20, 	27206.0	0.068	6.131	1045
][PROBLEM DOMAIN FlowShop
,   instance 11 
,     RUN 0, 	26930.0	0.063	7.044	770
,     RUN 1, 	27164.0	0.064	2.776	673
,     RUN 2, 	27151.0	0.064	3.024	1081
,     RUN 3, 	27047.0	0.065	4.631	1112
,     RUN 4, 	26994.0	0.065	7.588	1022
,     RUN 5, 	27107.0	0.065	3.907	925
,     RUN 6, 	27177.0	0.065	3.925	1049
,     RUN 7, 	27095.0	0.066	11.315	936
,     RUN 8, 	27038.0	0.066	6.469	1129
,     RUN 9, 	27114.0	0.066	6.619	943
,     RUN 10, 	27034.0	0.066	5.472	1025
,     RUN 11, 	27199.0	0.066	4.846	1069
,     RUN 12, 	27030.0	0.067	7.287	1177
,     RUN 13, 	27012.0	0.067	4.825	1132
,     RUN 14, 	27029.0	0.067	4.998	1031
,     RUN 15, 	27056.0	0.067	8.904	1038
,     RUN 16, 	27067.0	0.068	8.714	1056
,     RUN 17, 	27081.0	0.068	2.561	1150
,     RUN 18, 	27124.0	0.068	6.041	975
,     RUN 19, 	27106.0	0.068	8.432	923
,     RUN 20, 	27206.0	0.068	6.131	1045
,     RUN 21, 	27134.0	0.069	4.362	954
][PROBLEM DOMAIN FlowShop
,   instance 11 
,     RUN 0, 	26930.0	0.063	7.044	770
,     RUN 1, 	27164.0	0.064	2.776	673
,     RUN 2, 	27151.0	0.064	3.024	1081
,     RUN 3, 	27047.0	0.065	4.631	1112
,     RUN 4, 	26994.0	0.065	7.588	1022
,     RUN 5, 	27107.0	0.065	3.907	925
,     RUN 6, 	27177.0	0.065	3.925	1049
,     RUN 7, 	27095.0	0.066	11.315	936
,     RUN 8, 	27038.0	0.066	6.469	1129
,     RUN 9, 	27114.0	0.066	6.619	943
,     RUN 10, 	27034.0	0.066	5.472	1025
,     RUN 11, 	27199.0	0.066	4.846	1069
,     RUN 12, 	27030.0	0.067	7.287	1177
,     RUN 13, 	27012.0	0.067	4.825	1132
,     RUN 14, 	27029.0	0.067	4.998	1031
,     RUN 15, 	27056.0	0.067	8.904	1038
,     RUN 16, 	27067.0	0.068	8.714	1056
,     RUN 17, 	27081.0	0.068	2.561	1150
,     RUN 18, 	27124.0	0.068	6.041	975
,     RUN 19, 	27106.0	0.068	8.432	923
,     RUN 20, 	27206.0	0.068	6.131	1045
,     RUN 21, 	27134.0	0.069	4.362	954
,     RUN 22, 	27047.0	0.069	4.0	846
][PROBLEM DOMAIN FlowShop
,   instance 11 
,     RUN 0, 	26930.0	0.063	7.044	770
,     RUN 1, 	27164.0	0.064	2.776	673
,     RUN 2, 	27151.0	0.064	3.024	1081
,     RUN 3, 	27047.0	0.065	4.631	1112
,     RUN 4, 	26994.0	0.065	7.588	1022
,     RUN 5, 	27107.0	0.065	3.907	925
,     RUN 6, 	27177.0	0.065	3.925	1049
,     RUN 7, 	27095.0	0.066	11.315	936
,     RUN 8, 	27038.0	0.066	6.469	1129
,     RUN 9, 	27114.0	0.066	6.619	943
,     RUN 10, 	27034.0	0.066	5.472	1025
,     RUN 11, 	27199.0	0.066	4.846	1069
,     RUN 12, 	27030.0	0.067	7.287	1177
,     RUN 13, 	27012.0	0.067	4.825	1132
,     RUN 14, 	27029.0	0.067	4.998	1031
,     RUN 15, 	27056.0	0.067	8.904	1038
,     RUN 16, 	27067.0	0.068	8.714	1056
,     RUN 17, 	27081.0	0.068	2.561	1150
,     RUN 18, 	27124.0	0.068	6.041	975
,     RUN 19, 	27106.0	0.068	8.432	923
,     RUN 20, 	27206.0	0.068	6.131	1045
,     RUN 21, 	27134.0	0.069	4.362	954
,     RUN 22, 	27047.0	0.069	4.0	846
,     RUN 23, 	26996.0	0.069	4.983	862
][PROBLEM DOMAIN FlowShop
,   instance 11 
,     RUN 0, 	26930.0	0.063	7.044	770
,     RUN 1, 	27164.0	0.064	2.776	673
,     RUN 2, 	27151.0	0.064	3.024	1081
,     RUN 3, 	27047.0	0.065	4.631	1112
,     RUN 4, 	26994.0	0.065	7.588	1022
,     RUN 5, 	27107.0	0.065	3.907	925
,     RUN 6, 	27177.0	0.065	3.925	1049
,     RUN 7, 	27095.0	0.066	11.315	936
,     RUN 8, 	27038.0	0.066	6.469	1129
,     RUN 9, 	27114.0	0.066	6.619	943
,     RUN 10, 	27034.0	0.066	5.472	1025
,     RUN 11, 	27199.0	0.066	4.846	1069
,     RUN 12, 	27030.0	0.067	7.287	1177
,     RUN 13, 	27012.0	0.067	4.825	1132
,     RUN 14, 	27029.0	0.067	4.998	1031
,     RUN 15, 	27056.0	0.067	8.904	1038
,     RUN 16, 	27067.0	0.068	8.714	1056
,     RUN 17, 	27081.0	0.068	2.561	1150
,     RUN 18, 	27124.0	0.068	6.041	975
,     RUN 19, 	27106.0	0.068	8.432	923
,     RUN 20, 	27206.0	0.068	6.131	1045
,     RUN 21, 	27134.0	0.069	4.362	954
,     RUN 22, 	27047.0	0.069	4.0	846
,     RUN 23, 	26996.0	0.069	4.983	862
,     RUN 24, 	27006.0	0.07	1.668	1088
][PROBLEM DOMAIN FlowShop
,   instance 11 
,     RUN 0, 	26930.0	0.063	7.044	770
,     RUN 1, 	27164.0	0.064	2.776	673
,     RUN 2, 	27151.0	0.064	3.024	1081
,     RUN 3, 	27047.0	0.065	4.631	1112
,     RUN 4, 	26994.0	0.065	7.588	1022
,     RUN 5, 	27107.0	0.065	3.907	925
,     RUN 6, 	27177.0	0.065	3.925	1049
,     RUN 7, 	27095.0	0.066	11.315	936
,     RUN 8, 	27038.0	0.066	6.469	1129
,     RUN 9, 	27114.0	0.066	6.619	943
,     RUN 10, 	27034.0	0.066	5.472	1025
,     RUN 11, 	27199.0	0.066	4.846	1069
,     RUN 12, 	27030.0	0.067	7.287	1177
,     RUN 13, 	27012.0	0.067	4.825	1132
,     RUN 14, 	27029.0	0.067	4.998	1031
,     RUN 15, 	27056.0	0.067	8.904	1038
,     RUN 16, 	27067.0	0.068	8.714	1056
,     RUN 17, 	27081.0	0.068	2.561	1150
,     RUN 18, 	27124.0	0.068	6.041	975
,     RUN 19, 	27106.0	0.068	8.432	923
,     RUN 20, 	27206.0	0.068	6.131	1045
,     RUN 21, 	27134.0	0.069	4.362	954
,     RUN 22, 	27047.0	0.069	4.0	846
,     RUN 23, 	26996.0	0.069	4.983	862
,     RUN 24, 	27006.0	0.07	1.668	1088
,     RUN 25, 	27135.0	0.07	6.575	876
][PROBLEM DOMAIN FlowShop
,   instance 11 
,     RUN 0, 	26930.0	0.063	7.044	770
,     RUN 1, 	27164.0	0.064	2.776	673
,     RUN 2, 	27151.0	0.064	3.024	1081
,     RUN 3, 	27047.0	0.065	4.631	1112
,     RUN 4, 	26994.0	0.065	7.588	1022
,     RUN 5, 	27107.0	0.065	3.907	925
,     RUN 6, 	27177.0	0.065	3.925	1049
,     RUN 7, 	27095.0	0.066	11.315	936
,     RUN 8, 	27038.0	0.066	6.469	1129
,     RUN 9, 	27114.0	0.066	6.619	943
,     RUN 10, 	27034.0	0.066	5.472	1025
,     RUN 11, 	27199.0	0.066	4.846	1069
,     RUN 12, 	27030.0	0.067	7.287	1177
,     RUN 13, 	27012.0	0.067	4.825	1132
,     RUN 14, 	27029.0	0.067	4.998	1031
,     RUN 15, 	27056.0	0.067	8.904	1038
,     RUN 16, 	27067.0	0.068	8.714	1056
,     RUN 17, 	27081.0	0.068	2.561	1150
,     RUN 18, 	27124.0	0.068	6.041	975
,     RUN 19, 	27106.0	0.068	8.432	923
,     RUN 20, 	27206.0	0.068	6.131	1045
,     RUN 21, 	27134.0	0.069	4.362	954
,     RUN 22, 	27047.0	0.069	4.0	846
,     RUN 23, 	26996.0	0.069	4.983	862
,     RUN 24, 	27006.0	0.07	1.668	1088
,     RUN 25, 	27135.0	0.07	6.575	876
,     RUN 26, 	27036.0	0.07	8.326	910
][PROBLEM DOMAIN FlowShop
,   instance 11 
,     RUN 0, 	26930.0	0.063	7.044	770
,     RUN 1, 	27164.0	0.064	2.776	673
,     RUN 2, 	27151.0	0.064	3.024	1081
,     RUN 3, 	27047.0	0.065	4.631	1112
,     RUN 4, 	26994.0	0.065	7.588	1022
,     RUN 5, 	27107.0	0.065	3.907	925
,     RUN 6, 	27177.0	0.065	3.925	1049
,     RUN 7, 	27095.0	0.066	11.315	936
,     RUN 8, 	27038.0	0.066	6.469	1129
,     RUN 9, 	27114.0	0.066	6.619	943
,     RUN 10, 	27034.0	0.066	5.472	1025
,     RUN 11, 	27199.0	0.066	4.846	1069
,     RUN 12, 	27030.0	0.067	7.287	1177
,     RUN 13, 	27012.0	0.067	4.825	1132
,     RUN 14, 	27029.0	0.067	4.998	1031
,     RUN 15, 	27056.0	0.067	8.904	1038
,     RUN 16, 	27067.0	0.068	8.714	1056
,     RUN 17, 	27081.0	0.068	2.561	1150
,     RUN 18, 	27124.0	0.068	6.041	975
,     RUN 19, 	27106.0	0.068	8.432	923
,     RUN 20, 	27206.0	0.068	6.131	1045
,     RUN 21, 	27134.0	0.069	4.362	954
,     RUN 22, 	27047.0	0.069	4.0	846
,     RUN 23, 	26996.0	0.069	4.983	862
,     RUN 24, 	27006.0	0.07	1.668	1088
,     RUN 25, 	27135.0	0.07	6.575	876
,     RUN 26, 	27036.0	0.07	8.326	910
,     RUN 27, 	27128.0	0.07	2.564	799
][PROBLEM DOMAIN FlowShop
,   instance 11 
,     RUN 0, 	26930.0	0.063	7.044	770
,     RUN 1, 	27164.0	0.064	2.776	673
,     RUN 2, 	27151.0	0.064	3.024	1081
,     RUN 3, 	27047.0	0.065	4.631	1112
,     RUN 4, 	26994.0	0.065	7.588	1022
,     RUN 5, 	27107.0	0.065	3.907	925
,     RUN 6, 	27177.0	0.065	3.925	1049
,     RUN 7, 	27095.0	0.066	11.315	936
,     RUN 8, 	27038.0	0.066	6.469	1129
,     RUN 9, 	27114.0	0.066	6.619	943
,     RUN 10, 	27034.0	0.066	5.472	1025
,     RUN 11, 	27199.0	0.066	4.846	1069
,     RUN 12, 	27030.0	0.067	7.287	1177
,     RUN 13, 	27012.0	0.067	4.825	1132
,     RUN 14, 	27029.0	0.067	4.998	1031
,     RUN 15, 	27056.0	0.067	8.904	1038
,     RUN 16, 	27067.0	0.068	8.714	1056
,     RUN 17, 	27081.0	0.068	2.561	1150
,     RUN 18, 	27124.0	0.068	6.041	975
,     RUN 19, 	27106.0	0.068	8.432	923
,     RUN 20, 	27206.0	0.068	6.131	1045
,     RUN 21, 	27134.0	0.069	4.362	954
,     RUN 22, 	27047.0	0.069	4.0	846
,     RUN 23, 	26996.0	0.069	4.983	862
,     RUN 24, 	27006.0	0.07	1.668	1088
,     RUN 25, 	27135.0	0.07	6.575	876
,     RUN 26, 	27036.0	0.07	8.326	910
,     RUN 27, 	27128.0	0.07	2.564	799
,     RUN 28, 	27032.0	0.071	2.56	720
][PROBLEM DOMAIN FlowShop
,   instance 11 
,     RUN 0, 	26930.0	0.063	7.044	770
,     RUN 1, 	27164.0	0.064	2.776	673
,     RUN 2, 	27151.0	0.064	3.024	1081
,     RUN 3, 	27047.0	0.065	4.631	1112
,     RUN 4, 	26994.0	0.065	7.588	1022
,     RUN 5, 	27107.0	0.065	3.907	925
,     RUN 6, 	27177.0	0.065	3.925	1049
,     RUN 7, 	27095.0	0.066	11.315	936
,     RUN 8, 	27038.0	0.066	6.469	1129
,     RUN 9, 	27114.0	0.066	6.619	943
,     RUN 10, 	27034.0	0.066	5.472	1025
,     RUN 11, 	27199.0	0.066	4.846	1069
,     RUN 12, 	27030.0	0.067	7.287	1177
,     RUN 13, 	27012.0	0.067	4.825	1132
,     RUN 14, 	27029.0	0.067	4.998	1031
,     RUN 15, 	27056.0	0.067	8.904	1038
,     RUN 16, 	27067.0	0.068	8.714	1056
,     RUN 17, 	27081.0	0.068	2.561	1150
,     RUN 18, 	27124.0	0.068	6.041	975
,     RUN 19, 	27106.0	0.068	8.432	923
,     RUN 20, 	27206.0	0.068	6.131	1045
,     RUN 21, 	27134.0	0.069	4.362	954
,     RUN 22, 	27047.0	0.069	4.0	846
,     RUN 23, 	26996.0	0.069	4.983	862
,     RUN 24, 	27006.0	0.07	1.668	1088
,     RUN 25, 	27135.0	0.07	6.575	876
,     RUN 26, 	27036.0	0.07	8.326	910
,     RUN 27, 	27128.0	0.07	2.564	799
,     RUN 28, 	27032.0	0.071	2.56	720
,     RUN 29, 	27092.0	0.071	6.93	841
][PROBLEM DOMAIN FlowShop
,   instance 11 
,     RUN 0, 	26930.0	0.063	7.044	770
,     RUN 1, 	27164.0	0.064	2.776	673
,     RUN 2, 	27151.0	0.064	3.024	1081
,     RUN 3, 	27047.0	0.065	4.631	1112
,     RUN 4, 	26994.0	0.065	7.588	1022
,     RUN 5, 	27107.0	0.065	3.907	925
,     RUN 6, 	27177.0	0.065	3.925	1049
,     RUN 7, 	27095.0	0.066	11.315	936
,     RUN 8, 	27038.0	0.066	6.469	1129
,     RUN 9, 	27114.0	0.066	6.619	943
,     RUN 10, 	27034.0	0.066	5.472	1025
,     RUN 11, 	27199.0	0.066	4.846	1069
,     RUN 12, 	27030.0	0.067	7.287	1177
,     RUN 13, 	27012.0	0.067	4.825	1132
,     RUN 14, 	27029.0	0.067	4.998	1031
,     RUN 15, 	27056.0	0.067	8.904	1038
,     RUN 16, 	27067.0	0.068	8.714	1056
,     RUN 17, 	27081.0	0.068	2.561	1150
,     RUN 18, 	27124.0	0.068	6.041	975
,     RUN 19, 	27106.0	0.068	8.432	923
,     RUN 20, 	27206.0	0.068	6.131	1045
,     RUN 21, 	27134.0	0.069	4.362	954
,     RUN 22, 	27047.0	0.069	4.0	846
,     RUN 23, 	26996.0	0.069	4.983	862
,     RUN 24, 	27006.0	0.07	1.668	1088
,     RUN 25, 	27135.0	0.07	6.575	876
,     RUN 26, 	27036.0	0.07	8.326	910
,     RUN 27, 	27128.0	0.07	2.564	799
,     RUN 28, 	27032.0	0.071	2.56	720
,     RUN 29, 	27092.0	0.071	6.93	841
,     RUN 30, 	27060.0	0.071	5.406	642
]