329307.3057749738 
327074.98777025694 
327467.7074368659 
322071.5558256601 
333854.12267619034 
328104.2988967053 
328671.4617076047 
327450.1779668707 
341221.3099905905 
328551.78834773647 
338755.50773743325 
333460.576913774 
327903.96573627205 
333877.5284843107 
337873.60302037955 
328858.3169145597 
324656.5116442235 
329167.91803970083 
341774.5572204669 
336118.2247838349 
323302.32427194755 
340471.25636933214 
314922.1437939864 
317963.15211339336 
340829.0063860433 
327902.15352662106 
333497.5021961265 
319258.7301600263 
331257.80162217864 
325308.35839832714 
323175.1637653066 
