582163.3929792903 
578289.7574367713 
589756.9439989413 
579741.7348314021 
571071.4062198771 
581252.9897962536 
569757.5433605647 
561993.5689804005 
580008.8009947882 
578585.1077246359 
577429.5968999655 
583620.3895477387 
581025.3686684929 
583227.0081551641 
573742.7845313316 
561039.2846374577 
584703.7270909548 
562988.9670422741 
577162.640675554 
575294.9832553614 
591502.9229147282 
606549.0661728745 
575124.8274308776 
572288.0691914535 
583354.2939211414 
574978.6339014198 
580866.8674589511 
586776.9729773251 
579285.330444938 
580211.4102993296 
581225.3471794556 
