403691.11385391525 
381496.0731471846 
400086.4029736471 
407444.02472234576 
390340.6271655075 
392879.3345320718 
392498.70265124744 
393474.7596644327 
385603.8808571809 
392924.1035145024 
401626.6724316074 
390730.87927619496 
392100.5572758565 
399814.9502306151 
395278.71626559075 
387525.45182127005 
381417.9415155186 
385865.2592743756 
387948.25169126375 
393814.905634735 
401552.7175178171 
385822.42096024705 
387079.7190684129 
378643.5504107892 
390786.3509954652 
392790.4754938 
387554.26922937314 
384765.30453507684 
400378.06840138545 
393795.66359817423 
392455.09367791057 
