35148.43371753448 
34258.51427368484 
31935.474374953777 
33018.89424643505 
31863.6557967181 
31896.778761167247 
31848.741014146326 
30451.540840990983 
33783.77499939305 
36291.68307969215 
31511.31126253175 
36160.044791570086 
36236.44035132845 
35318.669432497 
36194.804475423894 
31702.107695185077 
32863.46003000673 
31561.7444687394 
30982.316595321456 
33111.40790713877 
31993.620412249475 
34011.10350221062 
29779.58566737329 
31959.62700556078 
27469.990254223732 
33207.84146666297 
32988.59252297443 
29595.814086406383 
31831.852764446332 
30726.243995541932 
31743.107677027667 
