[PROBLEM DOMAIN VRP
,   instance 5 
,     RUN 0, 	582163.3929792903	0.075	1.554	0
][PROBLEM DOMAIN VRP
,   instance 5 
,     RUN 0, 	582163.3929792903	0.075	1.554	0
,     RUN 1, 	578289.7574367713	0.075	1.154	0
][PROBLEM DOMAIN VRP
,   instance 5 
,     RUN 0, 	582163.3929792903	0.075	1.554	0
,     RUN 1, 	578289.7574367713	0.075	1.154	0
,     RUN 2, 	589756.9439989413	0.076	0.761	0
][PROBLEM DOMAIN VRP
,   instance 5 
,     RUN 0, 	582163.3929792903	0.075	1.554	0
,     RUN 1, 	578289.7574367713	0.075	1.154	0
,     RUN 2, 	589756.9439989413	0.076	0.761	0
,     RUN 3, 	579741.7348314021	0.076	8.48	561
][PROBLEM DOMAIN VRP
,   instance 5 
,     RUN 0, 	582163.3929792903	0.075	1.554	0
,     RUN 1, 	578289.7574367713	0.075	1.154	0
,     RUN 2, 	589756.9439989413	0.076	0.761	0
,     RUN 3, 	579741.7348314021	0.076	8.48	561
,     RUN 4, 	571071.4062198771	0.076	6.277	795
][PROBLEM DOMAIN VRP
,   instance 5 
,     RUN 0, 	582163.3929792903	0.075	1.554	0
,     RUN 1, 	578289.7574367713	0.075	1.154	0
,     RUN 2, 	589756.9439989413	0.076	0.761	0
,     RUN 3, 	579741.7348314021	0.076	8.48	561
,     RUN 4, 	571071.4062198771	0.076	6.277	795
,     RUN 5, 	581252.9897962536	0.076	9.542	817
][PROBLEM DOMAIN VRP
,   instance 5 
,     RUN 0, 	582163.3929792903	0.075	1.554	0
,     RUN 1, 	578289.7574367713	0.075	1.154	0
,     RUN 2, 	589756.9439989413	0.076	0.761	0
,     RUN 3, 	579741.7348314021	0.076	8.48	561
,     RUN 4, 	571071.4062198771	0.076	6.277	795
,     RUN 5, 	581252.9897962536	0.076	9.542	817
,     RUN 6, 	569757.5433605647	0.077	7.744	688
][PROBLEM DOMAIN VRP
,   instance 5 
,     RUN 0, 	582163.3929792903	0.075	1.554	0
,     RUN 1, 	578289.7574367713	0.075	1.154	0
,     RUN 2, 	589756.9439989413	0.076	0.761	0
,     RUN 3, 	579741.7348314021	0.076	8.48	561
,     RUN 4, 	571071.4062198771	0.076	6.277	795
,     RUN 5, 	581252.9897962536	0.076	9.542	817
,     RUN 6, 	569757.5433605647	0.077	7.744	688
,     RUN 7, 	561993.5689804005	0.077	13.637	798
][PROBLEM DOMAIN VRP
,   instance 5 
,     RUN 0, 	582163.3929792903	0.075	1.554	0
,     RUN 1, 	578289.7574367713	0.075	1.154	0
,     RUN 2, 	589756.9439989413	0.076	0.761	0
,     RUN 3, 	579741.7348314021	0.076	8.48	561
,     RUN 4, 	571071.4062198771	0.076	6.277	795
,     RUN 5, 	581252.9897962536	0.076	9.542	817
,     RUN 6, 	569757.5433605647	0.077	7.744	688
,     RUN 7, 	561993.5689804005	0.077	13.637	798
,     RUN 8, 	580008.8009947882	0.077	8.995	883
][PROBLEM DOMAIN VRP
,   instance 5 
,     RUN 0, 	582163.3929792903	0.075	1.554	0
,     RUN 1, 	578289.7574367713	0.075	1.154	0
,     RUN 2, 	589756.9439989413	0.076	0.761	0
,     RUN 3, 	579741.7348314021	0.076	8.48	561
,     RUN 4, 	571071.4062198771	0.076	6.277	795
,     RUN 5, 	581252.9897962536	0.076	9.542	817
,     RUN 6, 	569757.5433605647	0.077	7.744	688
,     RUN 7, 	561993.5689804005	0.077	13.637	798
,     RUN 8, 	580008.8009947882	0.077	8.995	883
,     RUN 9, 	578585.1077246359	0.077	10.79	750
][PROBLEM DOMAIN VRP
,   instance 5 
,     RUN 0, 	582163.3929792903	0.075	1.554	0
,     RUN 1, 	578289.7574367713	0.075	1.154	0
,     RUN 2, 	589756.9439989413	0.076	0.761	0
,     RUN 3, 	579741.7348314021	0.076	8.48	561
,     RUN 4, 	571071.4062198771	0.076	6.277	795
,     RUN 5, 	581252.9897962536	0.076	9.542	817
,     RUN 6, 	569757.5433605647	0.077	7.744	688
,     RUN 7, 	561993.5689804005	0.077	13.637	798
,     RUN 8, 	580008.8009947882	0.077	8.995	883
,     RUN 9, 	578585.1077246359	0.077	10.79	750
,     RUN 10, 	577429.5968999655	0.078	13.641	800
][PROBLEM DOMAIN VRP
,   instance 5 
,     RUN 0, 	582163.3929792903	0.075	1.554	0
,     RUN 1, 	578289.7574367713	0.075	1.154	0
,     RUN 2, 	589756.9439989413	0.076	0.761	0
,     RUN 3, 	579741.7348314021	0.076	8.48	561
,     RUN 4, 	571071.4062198771	0.076	6.277	795
,     RUN 5, 	581252.9897962536	0.076	9.542	817
,     RUN 6, 	569757.5433605647	0.077	7.744	688
,     RUN 7, 	561993.5689804005	0.077	13.637	798
,     RUN 8, 	580008.8009947882	0.077	8.995	883
,     RUN 9, 	578585.1077246359	0.077	10.79	750
,     RUN 10, 	577429.5968999655	0.078	13.641	800
,     RUN 11, 	583620.3895477387	0.078	10.02	806
][PROBLEM DOMAIN VRP
,   instance 5 
,     RUN 0, 	582163.3929792903	0.075	1.554	0
,     RUN 1, 	578289.7574367713	0.075	1.154	0
,     RUN 2, 	589756.9439989413	0.076	0.761	0
,     RUN 3, 	579741.7348314021	0.076	8.48	561
,     RUN 4, 	571071.4062198771	0.076	6.277	795
,     RUN 5, 	581252.9897962536	0.076	9.542	817
,     RUN 6, 	569757.5433605647	0.077	7.744	688
,     RUN 7, 	561993.5689804005	0.077	13.637	798
,     RUN 8, 	580008.8009947882	0.077	8.995	883
,     RUN 9, 	578585.1077246359	0.077	10.79	750
,     RUN 10, 	577429.5968999655	0.078	13.641	800
,     RUN 11, 	583620.3895477387	0.078	10.02	806
,     RUN 12, 	581025.3686684929	0.078	13.169	840
][PROBLEM DOMAIN VRP
,   instance 5 
,     RUN 0, 	582163.3929792903	0.075	1.554	0
,     RUN 1, 	578289.7574367713	0.075	1.154	0
,     RUN 2, 	589756.9439989413	0.076	0.761	0
,     RUN 3, 	579741.7348314021	0.076	8.48	561
,     RUN 4, 	571071.4062198771	0.076	6.277	795
,     RUN 5, 	581252.9897962536	0.076	9.542	817
,     RUN 6, 	569757.5433605647	0.077	7.744	688
,     RUN 7, 	561993.5689804005	0.077	13.637	798
,     RUN 8, 	580008.8009947882	0.077	8.995	883
,     RUN 9, 	578585.1077246359	0.077	10.79	750
,     RUN 10, 	577429.5968999655	0.078	13.641	800
,     RUN 11, 	583620.3895477387	0.078	10.02	806
,     RUN 12, 	581025.3686684929	0.078	13.169	840
,     RUN 13, 	583227.0081551641	0.078	8.954	786
][PROBLEM DOMAIN VRP
,   instance 5 
,     RUN 0, 	582163.3929792903	0.075	1.554	0
,     RUN 1, 	578289.7574367713	0.075	1.154	0
,     RUN 2, 	589756.9439989413	0.076	0.761	0
,     RUN 3, 	579741.7348314021	0.076	8.48	561
,     RUN 4, 	571071.4062198771	0.076	6.277	795
,     RUN 5, 	581252.9897962536	0.076	9.542	817
,     RUN 6, 	569757.5433605647	0.077	7.744	688
,     RUN 7, 	561993.5689804005	0.077	13.637	798
,     RUN 8, 	580008.8009947882	0.077	8.995	883
,     RUN 9, 	578585.1077246359	0.077	10.79	750
,     RUN 10, 	577429.5968999655	0.078	13.641	800
,     RUN 11, 	583620.3895477387	0.078	10.02	806
,     RUN 12, 	581025.3686684929	0.078	13.169	840
,     RUN 13, 	583227.0081551641	0.078	8.954	786
,     RUN 14, 	573742.7845313316	0.079	13.856	788
][PROBLEM DOMAIN VRP
,   instance 5 
,     RUN 0, 	582163.3929792903	0.075	1.554	0
,     RUN 1, 	578289.7574367713	0.075	1.154	0
,     RUN 2, 	589756.9439989413	0.076	0.761	0
,     RUN 3, 	579741.7348314021	0.076	8.48	561
,     RUN 4, 	571071.4062198771	0.076	6.277	795
,     RUN 5, 	581252.9897962536	0.076	9.542	817
,     RUN 6, 	569757.5433605647	0.077	7.744	688
,     RUN 7, 	561993.5689804005	0.077	13.637	798
,     RUN 8, 	580008.8009947882	0.077	8.995	883
,     RUN 9, 	578585.1077246359	0.077	10.79	750
,     RUN 10, 	577429.5968999655	0.078	13.641	800
,     RUN 11, 	583620.3895477387	0.078	10.02	806
,     RUN 12, 	581025.3686684929	0.078	13.169	840
,     RUN 13, 	583227.0081551641	0.078	8.954	786
,     RUN 14, 	573742.7845313316	0.079	13.856	788
,     RUN 15, 	561039.2846374577	0.079	10.096	796
][PROBLEM DOMAIN VRP
,   instance 5 
,     RUN 0, 	582163.3929792903	0.075	1.554	0
,     RUN 1, 	578289.7574367713	0.075	1.154	0
,     RUN 2, 	589756.9439989413	0.076	0.761	0
,     RUN 3, 	579741.7348314021	0.076	8.48	561
,     RUN 4, 	571071.4062198771	0.076	6.277	795
,     RUN 5, 	581252.9897962536	0.076	9.542	817
,     RUN 6, 	569757.5433605647	0.077	7.744	688
,     RUN 7, 	561993.5689804005	0.077	13.637	798
,     RUN 8, 	580008.8009947882	0.077	8.995	883
,     RUN 9, 	578585.1077246359	0.077	10.79	750
,     RUN 10, 	577429.5968999655	0.078	13.641	800
,     RUN 11, 	583620.3895477387	0.078	10.02	806
,     RUN 12, 	581025.3686684929	0.078	13.169	840
,     RUN 13, 	583227.0081551641	0.078	8.954	786
,     RUN 14, 	573742.7845313316	0.079	13.856	788
,     RUN 15, 	561039.2846374577	0.079	10.096	796
,     RUN 16, 	584703.7270909548	0.079	10.262	816
][PROBLEM DOMAIN VRP
,   instance 5 
,     RUN 0, 	582163.3929792903	0.075	1.554	0
,     RUN 1, 	578289.7574367713	0.075	1.154	0
,     RUN 2, 	589756.9439989413	0.076	0.761	0
,     RUN 3, 	579741.7348314021	0.076	8.48	561
,     RUN 4, 	571071.4062198771	0.076	6.277	795
,     RUN 5, 	581252.9897962536	0.076	9.542	817
,     RUN 6, 	569757.5433605647	0.077	7.744	688
,     RUN 7, 	561993.5689804005	0.077	13.637	798
,     RUN 8, 	580008.8009947882	0.077	8.995	883
,     RUN 9, 	578585.1077246359	0.077	10.79	750
,     RUN 10, 	577429.5968999655	0.078	13.641	800
,     RUN 11, 	583620.3895477387	0.078	10.02	806
,     RUN 12, 	581025.3686684929	0.078	13.169	840
,     RUN 13, 	583227.0081551641	0.078	8.954	786
,     RUN 14, 	573742.7845313316	0.079	13.856	788
,     RUN 15, 	561039.2846374577	0.079	10.096	796
,     RUN 16, 	584703.7270909548	0.079	10.262	816
,     RUN 17, 	562988.9670422741	0.079	6.107	838
][PROBLEM DOMAIN VRP
,   instance 5 
,     RUN 0, 	582163.3929792903	0.075	1.554	0
,     RUN 1, 	578289.7574367713	0.075	1.154	0
,     RUN 2, 	589756.9439989413	0.076	0.761	0
,     RUN 3, 	579741.7348314021	0.076	8.48	561
,     RUN 4, 	571071.4062198771	0.076	6.277	795
,     RUN 5, 	581252.9897962536	0.076	9.542	817
,     RUN 6, 	569757.5433605647	0.077	7.744	688
,     RUN 7, 	561993.5689804005	0.077	13.637	798
,     RUN 8, 	580008.8009947882	0.077	8.995	883
,     RUN 9, 	578585.1077246359	0.077	10.79	750
,     RUN 10, 	577429.5968999655	0.078	13.641	800
,     RUN 11, 	583620.3895477387	0.078	10.02	806
,     RUN 12, 	581025.3686684929	0.078	13.169	840
,     RUN 13, 	583227.0081551641	0.078	8.954	786
,     RUN 14, 	573742.7845313316	0.079	13.856	788
,     RUN 15, 	561039.2846374577	0.079	10.096	796
,     RUN 16, 	584703.7270909548	0.079	10.262	816
,     RUN 17, 	562988.9670422741	0.079	6.107	838
,     RUN 18, 	577162.640675554	0.079	7.95	744
][PROBLEM DOMAIN VRP
,   instance 5 
,     RUN 0, 	582163.3929792903	0.075	1.554	0
,     RUN 1, 	578289.7574367713	0.075	1.154	0
,     RUN 2, 	589756.9439989413	0.076	0.761	0
,     RUN 3, 	579741.7348314021	0.076	8.48	561
,     RUN 4, 	571071.4062198771	0.076	6.277	795
,     RUN 5, 	581252.9897962536	0.076	9.542	817
,     RUN 6, 	569757.5433605647	0.077	7.744	688
,     RUN 7, 	561993.5689804005	0.077	13.637	798
,     RUN 8, 	580008.8009947882	0.077	8.995	883
,     RUN 9, 	578585.1077246359	0.077	10.79	750
,     RUN 10, 	577429.5968999655	0.078	13.641	800
,     RUN 11, 	583620.3895477387	0.078	10.02	806
,     RUN 12, 	581025.3686684929	0.078	13.169	840
,     RUN 13, 	583227.0081551641	0.078	8.954	786
,     RUN 14, 	573742.7845313316	0.079	13.856	788
,     RUN 15, 	561039.2846374577	0.079	10.096	796
,     RUN 16, 	584703.7270909548	0.079	10.262	816
,     RUN 17, 	562988.9670422741	0.079	6.107	838
,     RUN 18, 	577162.640675554	0.079	7.95	744
,     RUN 19, 	575294.9832553614	0.08	10.718	808
][PROBLEM DOMAIN VRP
,   instance 5 
,     RUN 0, 	582163.3929792903	0.075	1.554	0
,     RUN 1, 	578289.7574367713	0.075	1.154	0
,     RUN 2, 	589756.9439989413	0.076	0.761	0
,     RUN 3, 	579741.7348314021	0.076	8.48	561
,     RUN 4, 	571071.4062198771	0.076	6.277	795
,     RUN 5, 	581252.9897962536	0.076	9.542	817
,     RUN 6, 	569757.5433605647	0.077	7.744	688
,     RUN 7, 	561993.5689804005	0.077	13.637	798
,     RUN 8, 	580008.8009947882	0.077	8.995	883
,     RUN 9, 	578585.1077246359	0.077	10.79	750
,     RUN 10, 	577429.5968999655	0.078	13.641	800
,     RUN 11, 	583620.3895477387	0.078	10.02	806
,     RUN 12, 	581025.3686684929	0.078	13.169	840
,     RUN 13, 	583227.0081551641	0.078	8.954	786
,     RUN 14, 	573742.7845313316	0.079	13.856	788
,     RUN 15, 	561039.2846374577	0.079	10.096	796
,     RUN 16, 	584703.7270909548	0.079	10.262	816
,     RUN 17, 	562988.9670422741	0.079	6.107	838
,     RUN 18, 	577162.640675554	0.079	7.95	744
,     RUN 19, 	575294.9832553614	0.08	10.718	808
,     RUN 20, 	591502.9229147282	0.08	9.414	807
][PROBLEM DOMAIN VRP
,   instance 5 
,     RUN 0, 	582163.3929792903	0.075	1.554	0
,     RUN 1, 	578289.7574367713	0.075	1.154	0
,     RUN 2, 	589756.9439989413	0.076	0.761	0
,     RUN 3, 	579741.7348314021	0.076	8.48	561
,     RUN 4, 	571071.4062198771	0.076	6.277	795
,     RUN 5, 	581252.9897962536	0.076	9.542	817
,     RUN 6, 	569757.5433605647	0.077	7.744	688
,     RUN 7, 	561993.5689804005	0.077	13.637	798
,     RUN 8, 	580008.8009947882	0.077	8.995	883
,     RUN 9, 	578585.1077246359	0.077	10.79	750
,     RUN 10, 	577429.5968999655	0.078	13.641	800
,     RUN 11, 	583620.3895477387	0.078	10.02	806
,     RUN 12, 	581025.3686684929	0.078	13.169	840
,     RUN 13, 	583227.0081551641	0.078	8.954	786
,     RUN 14, 	573742.7845313316	0.079	13.856	788
,     RUN 15, 	561039.2846374577	0.079	10.096	796
,     RUN 16, 	584703.7270909548	0.079	10.262	816
,     RUN 17, 	562988.9670422741	0.079	6.107	838
,     RUN 18, 	577162.640675554	0.079	7.95	744
,     RUN 19, 	575294.9832553614	0.08	10.718	808
,     RUN 20, 	591502.9229147282	0.08	9.414	807
,     RUN 21, 	606549.0661728745	0.08	4.129	805
][PROBLEM DOMAIN VRP
,   instance 5 
,     RUN 0, 	582163.3929792903	0.075	1.554	0
,     RUN 1, 	578289.7574367713	0.075	1.154	0
,     RUN 2, 	589756.9439989413	0.076	0.761	0
,     RUN 3, 	579741.7348314021	0.076	8.48	561
,     RUN 4, 	571071.4062198771	0.076	6.277	795
,     RUN 5, 	581252.9897962536	0.076	9.542	817
,     RUN 6, 	569757.5433605647	0.077	7.744	688
,     RUN 7, 	561993.5689804005	0.077	13.637	798
,     RUN 8, 	580008.8009947882	0.077	8.995	883
,     RUN 9, 	578585.1077246359	0.077	10.79	750
,     RUN 10, 	577429.5968999655	0.078	13.641	800
,     RUN 11, 	583620.3895477387	0.078	10.02	806
,     RUN 12, 	581025.3686684929	0.078	13.169	840
,     RUN 13, 	583227.0081551641	0.078	8.954	786
,     RUN 14, 	573742.7845313316	0.079	13.856	788
,     RUN 15, 	561039.2846374577	0.079	10.096	796
,     RUN 16, 	584703.7270909548	0.079	10.262	816
,     RUN 17, 	562988.9670422741	0.079	6.107	838
,     RUN 18, 	577162.640675554	0.079	7.95	744
,     RUN 19, 	575294.9832553614	0.08	10.718	808
,     RUN 20, 	591502.9229147282	0.08	9.414	807
,     RUN 21, 	606549.0661728745	0.08	4.129	805
,     RUN 22, 	575124.8274308776	0.08	1.293	821
][PROBLEM DOMAIN VRP
,   instance 5 
,     RUN 0, 	582163.3929792903	0.075	1.554	0
,     RUN 1, 	578289.7574367713	0.075	1.154	0
,     RUN 2, 	589756.9439989413	0.076	0.761	0
,     RUN 3, 	579741.7348314021	0.076	8.48	561
,     RUN 4, 	571071.4062198771	0.076	6.277	795
,     RUN 5, 	581252.9897962536	0.076	9.542	817
,     RUN 6, 	569757.5433605647	0.077	7.744	688
,     RUN 7, 	561993.5689804005	0.077	13.637	798
,     RUN 8, 	580008.8009947882	0.077	8.995	883
,     RUN 9, 	578585.1077246359	0.077	10.79	750
,     RUN 10, 	577429.5968999655	0.078	13.641	800
,     RUN 11, 	583620.3895477387	0.078	10.02	806
,     RUN 12, 	581025.3686684929	0.078	13.169	840
,     RUN 13, 	583227.0081551641	0.078	8.954	786
,     RUN 14, 	573742.7845313316	0.079	13.856	788
,     RUN 15, 	561039.2846374577	0.079	10.096	796
,     RUN 16, 	584703.7270909548	0.079	10.262	816
,     RUN 17, 	562988.9670422741	0.079	6.107	838
,     RUN 18, 	577162.640675554	0.079	7.95	744
,     RUN 19, 	575294.9832553614	0.08	10.718	808
,     RUN 20, 	591502.9229147282	0.08	9.414	807
,     RUN 21, 	606549.0661728745	0.08	4.129	805
,     RUN 22, 	575124.8274308776	0.08	1.293	821
,     RUN 23, 	572288.0691914535	0.08	10.304	782
][PROBLEM DOMAIN VRP
,   instance 5 
,     RUN 0, 	582163.3929792903	0.075	1.554	0
,     RUN 1, 	578289.7574367713	0.075	1.154	0
,     RUN 2, 	589756.9439989413	0.076	0.761	0
,     RUN 3, 	579741.7348314021	0.076	8.48	561
,     RUN 4, 	571071.4062198771	0.076	6.277	795
,     RUN 5, 	581252.9897962536	0.076	9.542	817
,     RUN 6, 	569757.5433605647	0.077	7.744	688
,     RUN 7, 	561993.5689804005	0.077	13.637	798
,     RUN 8, 	580008.8009947882	0.077	8.995	883
,     RUN 9, 	578585.1077246359	0.077	10.79	750
,     RUN 10, 	577429.5968999655	0.078	13.641	800
,     RUN 11, 	583620.3895477387	0.078	10.02	806
,     RUN 12, 	581025.3686684929	0.078	13.169	840
,     RUN 13, 	583227.0081551641	0.078	8.954	786
,     RUN 14, 	573742.7845313316	0.079	13.856	788
,     RUN 15, 	561039.2846374577	0.079	10.096	796
,     RUN 16, 	584703.7270909548	0.079	10.262	816
,     RUN 17, 	562988.9670422741	0.079	6.107	838
,     RUN 18, 	577162.640675554	0.079	7.95	744
,     RUN 19, 	575294.9832553614	0.08	10.718	808
,     RUN 20, 	591502.9229147282	0.08	9.414	807
,     RUN 21, 	606549.0661728745	0.08	4.129	805
,     RUN 22, 	575124.8274308776	0.08	1.293	821
,     RUN 23, 	572288.0691914535	0.08	10.304	782
,     RUN 24, 	583354.2939211414	0.081	8.362	806
][PROBLEM DOMAIN VRP
,   instance 5 
,     RUN 0, 	582163.3929792903	0.075	1.554	0
,     RUN 1, 	578289.7574367713	0.075	1.154	0
,     RUN 2, 	589756.9439989413	0.076	0.761	0
,     RUN 3, 	579741.7348314021	0.076	8.48	561
,     RUN 4, 	571071.4062198771	0.076	6.277	795
,     RUN 5, 	581252.9897962536	0.076	9.542	817
,     RUN 6, 	569757.5433605647	0.077	7.744	688
,     RUN 7, 	561993.5689804005	0.077	13.637	798
,     RUN 8, 	580008.8009947882	0.077	8.995	883
,     RUN 9, 	578585.1077246359	0.077	10.79	750
,     RUN 10, 	577429.5968999655	0.078	13.641	800
,     RUN 11, 	583620.3895477387	0.078	10.02	806
,     RUN 12, 	581025.3686684929	0.078	13.169	840
,     RUN 13, 	583227.0081551641	0.078	8.954	786
,     RUN 14, 	573742.7845313316	0.079	13.856	788
,     RUN 15, 	561039.2846374577	0.079	10.096	796
,     RUN 16, 	584703.7270909548	0.079	10.262	816
,     RUN 17, 	562988.9670422741	0.079	6.107	838
,     RUN 18, 	577162.640675554	0.079	7.95	744
,     RUN 19, 	575294.9832553614	0.08	10.718	808
,     RUN 20, 	591502.9229147282	0.08	9.414	807
,     RUN 21, 	606549.0661728745	0.08	4.129	805
,     RUN 22, 	575124.8274308776	0.08	1.293	821
,     RUN 23, 	572288.0691914535	0.08	10.304	782
,     RUN 24, 	583354.2939211414	0.081	8.362	806
,     RUN 25, 	574978.6339014198	0.081	10.875	772
][PROBLEM DOMAIN VRP
,   instance 5 
,     RUN 0, 	582163.3929792903	0.075	1.554	0
,     RUN 1, 	578289.7574367713	0.075	1.154	0
,     RUN 2, 	589756.9439989413	0.076	0.761	0
,     RUN 3, 	579741.7348314021	0.076	8.48	561
,     RUN 4, 	571071.4062198771	0.076	6.277	795
,     RUN 5, 	581252.9897962536	0.076	9.542	817
,     RUN 6, 	569757.5433605647	0.077	7.744	688
,     RUN 7, 	561993.5689804005	0.077	13.637	798
,     RUN 8, 	580008.8009947882	0.077	8.995	883
,     RUN 9, 	578585.1077246359	0.077	10.79	750
,     RUN 10, 	577429.5968999655	0.078	13.641	800
,     RUN 11, 	583620.3895477387	0.078	10.02	806
,     RUN 12, 	581025.3686684929	0.078	13.169	840
,     RUN 13, 	583227.0081551641	0.078	8.954	786
,     RUN 14, 	573742.7845313316	0.079	13.856	788
,     RUN 15, 	561039.2846374577	0.079	10.096	796
,     RUN 16, 	584703.7270909548	0.079	10.262	816
,     RUN 17, 	562988.9670422741	0.079	6.107	838
,     RUN 18, 	577162.640675554	0.079	7.95	744
,     RUN 19, 	575294.9832553614	0.08	10.718	808
,     RUN 20, 	591502.9229147282	0.08	9.414	807
,     RUN 21, 	606549.0661728745	0.08	4.129	805
,     RUN 22, 	575124.8274308776	0.08	1.293	821
,     RUN 23, 	572288.0691914535	0.08	10.304	782
,     RUN 24, 	583354.2939211414	0.081	8.362	806
,     RUN 25, 	574978.6339014198	0.081	10.875	772
,     RUN 26, 	580866.8674589511	0.081	8.56	761
][PROBLEM DOMAIN VRP
,   instance 5 
,     RUN 0, 	582163.3929792903	0.075	1.554	0
,     RUN 1, 	578289.7574367713	0.075	1.154	0
,     RUN 2, 	589756.9439989413	0.076	0.761	0
,     RUN 3, 	579741.7348314021	0.076	8.48	561
,     RUN 4, 	571071.4062198771	0.076	6.277	795
,     RUN 5, 	581252.9897962536	0.076	9.542	817
,     RUN 6, 	569757.5433605647	0.077	7.744	688
,     RUN 7, 	561993.5689804005	0.077	13.637	798
,     RUN 8, 	580008.8009947882	0.077	8.995	883
,     RUN 9, 	578585.1077246359	0.077	10.79	750
,     RUN 10, 	577429.5968999655	0.078	13.641	800
,     RUN 11, 	583620.3895477387	0.078	10.02	806
,     RUN 12, 	581025.3686684929	0.078	13.169	840
,     RUN 13, 	583227.0081551641	0.078	8.954	786
,     RUN 14, 	573742.7845313316	0.079	13.856	788
,     RUN 15, 	561039.2846374577	0.079	10.096	796
,     RUN 16, 	584703.7270909548	0.079	10.262	816
,     RUN 17, 	562988.9670422741	0.079	6.107	838
,     RUN 18, 	577162.640675554	0.079	7.95	744
,     RUN 19, 	575294.9832553614	0.08	10.718	808
,     RUN 20, 	591502.9229147282	0.08	9.414	807
,     RUN 21, 	606549.0661728745	0.08	4.129	805
,     RUN 22, 	575124.8274308776	0.08	1.293	821
,     RUN 23, 	572288.0691914535	0.08	10.304	782
,     RUN 24, 	583354.2939211414	0.081	8.362	806
,     RUN 25, 	574978.6339014198	0.081	10.875	772
,     RUN 26, 	580866.8674589511	0.081	8.56	761
,     RUN 27, 	586776.9729773251	0.081	6.495	781
][PROBLEM DOMAIN VRP
,   instance 5 
,     RUN 0, 	582163.3929792903	0.075	1.554	0
,     RUN 1, 	578289.7574367713	0.075	1.154	0
,     RUN 2, 	589756.9439989413	0.076	0.761	0
,     RUN 3, 	579741.7348314021	0.076	8.48	561
,     RUN 4, 	571071.4062198771	0.076	6.277	795
,     RUN 5, 	581252.9897962536	0.076	9.542	817
,     RUN 6, 	569757.5433605647	0.077	7.744	688
,     RUN 7, 	561993.5689804005	0.077	13.637	798
,     RUN 8, 	580008.8009947882	0.077	8.995	883
,     RUN 9, 	578585.1077246359	0.077	10.79	750
,     RUN 10, 	577429.5968999655	0.078	13.641	800
,     RUN 11, 	583620.3895477387	0.078	10.02	806
,     RUN 12, 	581025.3686684929	0.078	13.169	840
,     RUN 13, 	583227.0081551641	0.078	8.954	786
,     RUN 14, 	573742.7845313316	0.079	13.856	788
,     RUN 15, 	561039.2846374577	0.079	10.096	796
,     RUN 16, 	584703.7270909548	0.079	10.262	816
,     RUN 17, 	562988.9670422741	0.079	6.107	838
,     RUN 18, 	577162.640675554	0.079	7.95	744
,     RUN 19, 	575294.9832553614	0.08	10.718	808
,     RUN 20, 	591502.9229147282	0.08	9.414	807
,     RUN 21, 	606549.0661728745	0.08	4.129	805
,     RUN 22, 	575124.8274308776	0.08	1.293	821
,     RUN 23, 	572288.0691914535	0.08	10.304	782
,     RUN 24, 	583354.2939211414	0.081	8.362	806
,     RUN 25, 	574978.6339014198	0.081	10.875	772
,     RUN 26, 	580866.8674589511	0.081	8.56	761
,     RUN 27, 	586776.9729773251	0.081	6.495	781
,     RUN 28, 	579285.330444938	0.081	8.336	792
][PROBLEM DOMAIN VRP
,   instance 5 
,     RUN 0, 	582163.3929792903	0.075	1.554	0
,     RUN 1, 	578289.7574367713	0.075	1.154	0
,     RUN 2, 	589756.9439989413	0.076	0.761	0
,     RUN 3, 	579741.7348314021	0.076	8.48	561
,     RUN 4, 	571071.4062198771	0.076	6.277	795
,     RUN 5, 	581252.9897962536	0.076	9.542	817
,     RUN 6, 	569757.5433605647	0.077	7.744	688
,     RUN 7, 	561993.5689804005	0.077	13.637	798
,     RUN 8, 	580008.8009947882	0.077	8.995	883
,     RUN 9, 	578585.1077246359	0.077	10.79	750
,     RUN 10, 	577429.5968999655	0.078	13.641	800
,     RUN 11, 	583620.3895477387	0.078	10.02	806
,     RUN 12, 	581025.3686684929	0.078	13.169	840
,     RUN 13, 	583227.0081551641	0.078	8.954	786
,     RUN 14, 	573742.7845313316	0.079	13.856	788
,     RUN 15, 	561039.2846374577	0.079	10.096	796
,     RUN 16, 	584703.7270909548	0.079	10.262	816
,     RUN 17, 	562988.9670422741	0.079	6.107	838
,     RUN 18, 	577162.640675554	0.079	7.95	744
,     RUN 19, 	575294.9832553614	0.08	10.718	808
,     RUN 20, 	591502.9229147282	0.08	9.414	807
,     RUN 21, 	606549.0661728745	0.08	4.129	805
,     RUN 22, 	575124.8274308776	0.08	1.293	821
,     RUN 23, 	572288.0691914535	0.08	10.304	782
,     RUN 24, 	583354.2939211414	0.081	8.362	806
,     RUN 25, 	574978.6339014198	0.081	10.875	772
,     RUN 26, 	580866.8674589511	0.081	8.56	761
,     RUN 27, 	586776.9729773251	0.081	6.495	781
,     RUN 28, 	579285.330444938	0.081	8.336	792
,     RUN 29, 	580211.4102993296	0.082	8.768	784
][PROBLEM DOMAIN VRP
,   instance 5 
,     RUN 0, 	582163.3929792903	0.075	1.554	0
,     RUN 1, 	578289.7574367713	0.075	1.154	0
,     RUN 2, 	589756.9439989413	0.076	0.761	0
,     RUN 3, 	579741.7348314021	0.076	8.48	561
,     RUN 4, 	571071.4062198771	0.076	6.277	795
,     RUN 5, 	581252.9897962536	0.076	9.542	817
,     RUN 6, 	569757.5433605647	0.077	7.744	688
,     RUN 7, 	561993.5689804005	0.077	13.637	798
,     RUN 8, 	580008.8009947882	0.077	8.995	883
,     RUN 9, 	578585.1077246359	0.077	10.79	750
,     RUN 10, 	577429.5968999655	0.078	13.641	800
,     RUN 11, 	583620.3895477387	0.078	10.02	806
,     RUN 12, 	581025.3686684929	0.078	13.169	840
,     RUN 13, 	583227.0081551641	0.078	8.954	786
,     RUN 14, 	573742.7845313316	0.079	13.856	788
,     RUN 15, 	561039.2846374577	0.079	10.096	796
,     RUN 16, 	584703.7270909548	0.079	10.262	816
,     RUN 17, 	562988.9670422741	0.079	6.107	838
,     RUN 18, 	577162.640675554	0.079	7.95	744
,     RUN 19, 	575294.9832553614	0.08	10.718	808
,     RUN 20, 	591502.9229147282	0.08	9.414	807
,     RUN 21, 	606549.0661728745	0.08	4.129	805
,     RUN 22, 	575124.8274308776	0.08	1.293	821
,     RUN 23, 	572288.0691914535	0.08	10.304	782
,     RUN 24, 	583354.2939211414	0.081	8.362	806
,     RUN 25, 	574978.6339014198	0.081	10.875	772
,     RUN 26, 	580866.8674589511	0.081	8.56	761
,     RUN 27, 	586776.9729773251	0.081	6.495	781
,     RUN 28, 	579285.330444938	0.081	8.336	792
,     RUN 29, 	580211.4102993296	0.082	8.768	784
,     RUN 30, 	581225.3471794556	0.082	7.76	790
]