[PROBLEM DOMAIN PersonnelScheduling
,   instance 9 
,     RUN 0, 	130690.0	61.795	5.252	0
][PROBLEM DOMAIN PersonnelScheduling
,   instance 9 
,     RUN 0, 	130690.0	61.795	5.252	0
,     RUN 1, 	134557.0	61.795	3.091	0
][PROBLEM DOMAIN PersonnelScheduling
,   instance 9 
,     RUN 0, 	130690.0	61.795	5.252	0
,     RUN 1, 	134557.0	61.795	3.091	0
,     RUN 2, 	129373.0	61.796	2.064	0
][PROBLEM DOMAIN PersonnelScheduling
,   instance 9 
,     RUN 0, 	130690.0	61.795	5.252	0
,     RUN 1, 	134557.0	61.795	3.091	0
,     RUN 2, 	129373.0	61.796	2.064	0
,     RUN 3, 	130590.0	61.796	2.396	0
][PROBLEM DOMAIN PersonnelScheduling
,   instance 9 
,     RUN 0, 	130690.0	61.795	5.252	0
,     RUN 1, 	134557.0	61.795	3.091	0
,     RUN 2, 	129373.0	61.796	2.064	0
,     RUN 3, 	130590.0	61.796	2.396	0
,     RUN 4, 	129924.0	61.796	2.491	0
][PROBLEM DOMAIN PersonnelScheduling
,   instance 9 
,     RUN 0, 	130690.0	61.795	5.252	0
,     RUN 1, 	134557.0	61.795	3.091	0
,     RUN 2, 	129373.0	61.796	2.064	0
,     RUN 3, 	130590.0	61.796	2.396	0
,     RUN 4, 	129924.0	61.796	2.491	0
,     RUN 5, 	135729.0	61.796	2.19	0
][PROBLEM DOMAIN PersonnelScheduling
,   instance 9 
,     RUN 0, 	130690.0	61.795	5.252	0
,     RUN 1, 	134557.0	61.795	3.091	0
,     RUN 2, 	129373.0	61.796	2.064	0
,     RUN 3, 	130590.0	61.796	2.396	0
,     RUN 4, 	129924.0	61.796	2.491	0
,     RUN 5, 	135729.0	61.796	2.19	0
,     RUN 6, 	135289.0	61.796	2.538	0
][PROBLEM DOMAIN PersonnelScheduling
,   instance 9 
,     RUN 0, 	130690.0	61.795	5.252	0
,     RUN 1, 	134557.0	61.795	3.091	0
,     RUN 2, 	129373.0	61.796	2.064	0
,     RUN 3, 	130590.0	61.796	2.396	0
,     RUN 4, 	129924.0	61.796	2.491	0
,     RUN 5, 	135729.0	61.796	2.19	0
,     RUN 6, 	135289.0	61.796	2.538	0
,     RUN 7, 	129051.0	61.796	2.32	0
][PROBLEM DOMAIN PersonnelScheduling
,   instance 9 
,     RUN 0, 	130690.0	61.795	5.252	0
,     RUN 1, 	134557.0	61.795	3.091	0
,     RUN 2, 	129373.0	61.796	2.064	0
,     RUN 3, 	130590.0	61.796	2.396	0
,     RUN 4, 	129924.0	61.796	2.491	0
,     RUN 5, 	135729.0	61.796	2.19	0
,     RUN 6, 	135289.0	61.796	2.538	0
,     RUN 7, 	129051.0	61.796	2.32	0
,     RUN 8, 	130185.0	61.796	1.936	0
][PROBLEM DOMAIN PersonnelScheduling
,   instance 9 
,     RUN 0, 	130690.0	61.795	5.252	0
,     RUN 1, 	134557.0	61.795	3.091	0
,     RUN 2, 	129373.0	61.796	2.064	0
,     RUN 3, 	130590.0	61.796	2.396	0
,     RUN 4, 	129924.0	61.796	2.491	0
,     RUN 5, 	135729.0	61.796	2.19	0
,     RUN 6, 	135289.0	61.796	2.538	0
,     RUN 7, 	129051.0	61.796	2.32	0
,     RUN 8, 	130185.0	61.796	1.936	0
,     RUN 9, 	129043.0	61.796	1.924	0
][PROBLEM DOMAIN PersonnelScheduling
,   instance 9 
,     RUN 0, 	130690.0	61.795	5.252	0
,     RUN 1, 	134557.0	61.795	3.091	0
,     RUN 2, 	129373.0	61.796	2.064	0
,     RUN 3, 	130590.0	61.796	2.396	0
,     RUN 4, 	129924.0	61.796	2.491	0
,     RUN 5, 	135729.0	61.796	2.19	0
,     RUN 6, 	135289.0	61.796	2.538	0
,     RUN 7, 	129051.0	61.796	2.32	0
,     RUN 8, 	130185.0	61.796	1.936	0
,     RUN 9, 	129043.0	61.796	1.924	0
,     RUN 10, 	134000.0	61.796	1.651	0
][PROBLEM DOMAIN PersonnelScheduling
,   instance 9 
,     RUN 0, 	130690.0	61.795	5.252	0
,     RUN 1, 	134557.0	61.795	3.091	0
,     RUN 2, 	129373.0	61.796	2.064	0
,     RUN 3, 	130590.0	61.796	2.396	0
,     RUN 4, 	129924.0	61.796	2.491	0
,     RUN 5, 	135729.0	61.796	2.19	0
,     RUN 6, 	135289.0	61.796	2.538	0
,     RUN 7, 	129051.0	61.796	2.32	0
,     RUN 8, 	130185.0	61.796	1.936	0
,     RUN 9, 	129043.0	61.796	1.924	0
,     RUN 10, 	134000.0	61.796	1.651	0
,     RUN 11, 	131551.0	61.797	1.757	0
][PROBLEM DOMAIN PersonnelScheduling
,   instance 9 
,     RUN 0, 	130690.0	61.795	5.252	0
,     RUN 1, 	134557.0	61.795	3.091	0
,     RUN 2, 	129373.0	61.796	2.064	0
,     RUN 3, 	130590.0	61.796	2.396	0
,     RUN 4, 	129924.0	61.796	2.491	0
,     RUN 5, 	135729.0	61.796	2.19	0
,     RUN 6, 	135289.0	61.796	2.538	0
,     RUN 7, 	129051.0	61.796	2.32	0
,     RUN 8, 	130185.0	61.796	1.936	0
,     RUN 9, 	129043.0	61.796	1.924	0
,     RUN 10, 	134000.0	61.796	1.651	0
,     RUN 11, 	131551.0	61.797	1.757	0
,     RUN 12, 	125915.0	61.797	1.796	0
][PROBLEM DOMAIN PersonnelScheduling
,   instance 9 
,     RUN 0, 	130690.0	61.795	5.252	0
,     RUN 1, 	134557.0	61.795	3.091	0
,     RUN 2, 	129373.0	61.796	2.064	0
,     RUN 3, 	130590.0	61.796	2.396	0
,     RUN 4, 	129924.0	61.796	2.491	0
,     RUN 5, 	135729.0	61.796	2.19	0
,     RUN 6, 	135289.0	61.796	2.538	0
,     RUN 7, 	129051.0	61.796	2.32	0
,     RUN 8, 	130185.0	61.796	1.936	0
,     RUN 9, 	129043.0	61.796	1.924	0
,     RUN 10, 	134000.0	61.796	1.651	0
,     RUN 11, 	131551.0	61.797	1.757	0
,     RUN 12, 	125915.0	61.797	1.796	0
,     RUN 13, 	131532.0	61.797	1.826	0
][PROBLEM DOMAIN PersonnelScheduling
,   instance 9 
,     RUN 0, 	130690.0	61.795	5.252	0
,     RUN 1, 	134557.0	61.795	3.091	0
,     RUN 2, 	129373.0	61.796	2.064	0
,     RUN 3, 	130590.0	61.796	2.396	0
,     RUN 4, 	129924.0	61.796	2.491	0
,     RUN 5, 	135729.0	61.796	2.19	0
,     RUN 6, 	135289.0	61.796	2.538	0
,     RUN 7, 	129051.0	61.796	2.32	0
,     RUN 8, 	130185.0	61.796	1.936	0
,     RUN 9, 	129043.0	61.796	1.924	0
,     RUN 10, 	134000.0	61.796	1.651	0
,     RUN 11, 	131551.0	61.797	1.757	0
,     RUN 12, 	125915.0	61.797	1.796	0
,     RUN 13, 	131532.0	61.797	1.826	0
,     RUN 14, 	134009.0	61.797	1.652	0
][PROBLEM DOMAIN PersonnelScheduling
,   instance 9 
,     RUN 0, 	130690.0	61.795	5.252	0
,     RUN 1, 	134557.0	61.795	3.091	0
,     RUN 2, 	129373.0	61.796	2.064	0
,     RUN 3, 	130590.0	61.796	2.396	0
,     RUN 4, 	129924.0	61.796	2.491	0
,     RUN 5, 	135729.0	61.796	2.19	0
,     RUN 6, 	135289.0	61.796	2.538	0
,     RUN 7, 	129051.0	61.796	2.32	0
,     RUN 8, 	130185.0	61.796	1.936	0
,     RUN 9, 	129043.0	61.796	1.924	0
,     RUN 10, 	134000.0	61.796	1.651	0
,     RUN 11, 	131551.0	61.797	1.757	0
,     RUN 12, 	125915.0	61.797	1.796	0
,     RUN 13, 	131532.0	61.797	1.826	0
,     RUN 14, 	134009.0	61.797	1.652	0
,     RUN 15, 	126443.0	61.797	1.82	0
][PROBLEM DOMAIN PersonnelScheduling
,   instance 9 
,     RUN 0, 	130690.0	61.795	5.252	0
,     RUN 1, 	134557.0	61.795	3.091	0
,     RUN 2, 	129373.0	61.796	2.064	0
,     RUN 3, 	130590.0	61.796	2.396	0
,     RUN 4, 	129924.0	61.796	2.491	0
,     RUN 5, 	135729.0	61.796	2.19	0
,     RUN 6, 	135289.0	61.796	2.538	0
,     RUN 7, 	129051.0	61.796	2.32	0
,     RUN 8, 	130185.0	61.796	1.936	0
,     RUN 9, 	129043.0	61.796	1.924	0
,     RUN 10, 	134000.0	61.796	1.651	0
,     RUN 11, 	131551.0	61.797	1.757	0
,     RUN 12, 	125915.0	61.797	1.796	0
,     RUN 13, 	131532.0	61.797	1.826	0
,     RUN 14, 	134009.0	61.797	1.652	0
,     RUN 15, 	126443.0	61.797	1.82	0
,     RUN 16, 	132483.0	61.797	1.855	0
][PROBLEM DOMAIN PersonnelScheduling
,   instance 9 
,     RUN 0, 	130690.0	61.795	5.252	0
,     RUN 1, 	134557.0	61.795	3.091	0
,     RUN 2, 	129373.0	61.796	2.064	0
,     RUN 3, 	130590.0	61.796	2.396	0
,     RUN 4, 	129924.0	61.796	2.491	0
,     RUN 5, 	135729.0	61.796	2.19	0
,     RUN 6, 	135289.0	61.796	2.538	0
,     RUN 7, 	129051.0	61.796	2.32	0
,     RUN 8, 	130185.0	61.796	1.936	0
,     RUN 9, 	129043.0	61.796	1.924	0
,     RUN 10, 	134000.0	61.796	1.651	0
,     RUN 11, 	131551.0	61.797	1.757	0
,     RUN 12, 	125915.0	61.797	1.796	0
,     RUN 13, 	131532.0	61.797	1.826	0
,     RUN 14, 	134009.0	61.797	1.652	0
,     RUN 15, 	126443.0	61.797	1.82	0
,     RUN 16, 	132483.0	61.797	1.855	0
,     RUN 17, 	137723.0	61.797	1.628	0
][PROBLEM DOMAIN PersonnelScheduling
,   instance 9 
,     RUN 0, 	130690.0	61.795	5.252	0
,     RUN 1, 	134557.0	61.795	3.091	0
,     RUN 2, 	129373.0	61.796	2.064	0
,     RUN 3, 	130590.0	61.796	2.396	0
,     RUN 4, 	129924.0	61.796	2.491	0
,     RUN 5, 	135729.0	61.796	2.19	0
,     RUN 6, 	135289.0	61.796	2.538	0
,     RUN 7, 	129051.0	61.796	2.32	0
,     RUN 8, 	130185.0	61.796	1.936	0
,     RUN 9, 	129043.0	61.796	1.924	0
,     RUN 10, 	134000.0	61.796	1.651	0
,     RUN 11, 	131551.0	61.797	1.757	0
,     RUN 12, 	125915.0	61.797	1.796	0
,     RUN 13, 	131532.0	61.797	1.826	0
,     RUN 14, 	134009.0	61.797	1.652	0
,     RUN 15, 	126443.0	61.797	1.82	0
,     RUN 16, 	132483.0	61.797	1.855	0
,     RUN 17, 	137723.0	61.797	1.628	0
,     RUN 18, 	138182.0	61.797	1.58	0
][PROBLEM DOMAIN PersonnelScheduling
,   instance 9 
,     RUN 0, 	130690.0	61.795	5.252	0
,     RUN 1, 	134557.0	61.795	3.091	0
,     RUN 2, 	129373.0	61.796	2.064	0
,     RUN 3, 	130590.0	61.796	2.396	0
,     RUN 4, 	129924.0	61.796	2.491	0
,     RUN 5, 	135729.0	61.796	2.19	0
,     RUN 6, 	135289.0	61.796	2.538	0
,     RUN 7, 	129051.0	61.796	2.32	0
,     RUN 8, 	130185.0	61.796	1.936	0
,     RUN 9, 	129043.0	61.796	1.924	0
,     RUN 10, 	134000.0	61.796	1.651	0
,     RUN 11, 	131551.0	61.797	1.757	0
,     RUN 12, 	125915.0	61.797	1.796	0
,     RUN 13, 	131532.0	61.797	1.826	0
,     RUN 14, 	134009.0	61.797	1.652	0
,     RUN 15, 	126443.0	61.797	1.82	0
,     RUN 16, 	132483.0	61.797	1.855	0
,     RUN 17, 	137723.0	61.797	1.628	0
,     RUN 18, 	138182.0	61.797	1.58	0
,     RUN 19, 	128072.0	61.797	1.637	0
][PROBLEM DOMAIN PersonnelScheduling
,   instance 9 
,     RUN 0, 	130690.0	61.795	5.252	0
,     RUN 1, 	134557.0	61.795	3.091	0
,     RUN 2, 	129373.0	61.796	2.064	0
,     RUN 3, 	130590.0	61.796	2.396	0
,     RUN 4, 	129924.0	61.796	2.491	0
,     RUN 5, 	135729.0	61.796	2.19	0
,     RUN 6, 	135289.0	61.796	2.538	0
,     RUN 7, 	129051.0	61.796	2.32	0
,     RUN 8, 	130185.0	61.796	1.936	0
,     RUN 9, 	129043.0	61.796	1.924	0
,     RUN 10, 	134000.0	61.796	1.651	0
,     RUN 11, 	131551.0	61.797	1.757	0
,     RUN 12, 	125915.0	61.797	1.796	0
,     RUN 13, 	131532.0	61.797	1.826	0
,     RUN 14, 	134009.0	61.797	1.652	0
,     RUN 15, 	126443.0	61.797	1.82	0
,     RUN 16, 	132483.0	61.797	1.855	0
,     RUN 17, 	137723.0	61.797	1.628	0
,     RUN 18, 	138182.0	61.797	1.58	0
,     RUN 19, 	128072.0	61.797	1.637	0
,     RUN 20, 	136791.0	61.797	1.696	0
][PROBLEM DOMAIN PersonnelScheduling
,   instance 9 
,     RUN 0, 	130690.0	61.795	5.252	0
,     RUN 1, 	134557.0	61.795	3.091	0
,     RUN 2, 	129373.0	61.796	2.064	0
,     RUN 3, 	130590.0	61.796	2.396	0
,     RUN 4, 	129924.0	61.796	2.491	0
,     RUN 5, 	135729.0	61.796	2.19	0
,     RUN 6, 	135289.0	61.796	2.538	0
,     RUN 7, 	129051.0	61.796	2.32	0
,     RUN 8, 	130185.0	61.796	1.936	0
,     RUN 9, 	129043.0	61.796	1.924	0
,     RUN 10, 	134000.0	61.796	1.651	0
,     RUN 11, 	131551.0	61.797	1.757	0
,     RUN 12, 	125915.0	61.797	1.796	0
,     RUN 13, 	131532.0	61.797	1.826	0
,     RUN 14, 	134009.0	61.797	1.652	0
,     RUN 15, 	126443.0	61.797	1.82	0
,     RUN 16, 	132483.0	61.797	1.855	0
,     RUN 17, 	137723.0	61.797	1.628	0
,     RUN 18, 	138182.0	61.797	1.58	0
,     RUN 19, 	128072.0	61.797	1.637	0
,     RUN 20, 	136791.0	61.797	1.696	0
,     RUN 21, 	129727.0	61.797	1.852	0
][PROBLEM DOMAIN PersonnelScheduling
,   instance 9 
,     RUN 0, 	130690.0	61.795	5.252	0
,     RUN 1, 	134557.0	61.795	3.091	0
,     RUN 2, 	129373.0	61.796	2.064	0
,     RUN 3, 	130590.0	61.796	2.396	0
,     RUN 4, 	129924.0	61.796	2.491	0
,     RUN 5, 	135729.0	61.796	2.19	0
,     RUN 6, 	135289.0	61.796	2.538	0
,     RUN 7, 	129051.0	61.796	2.32	0
,     RUN 8, 	130185.0	61.796	1.936	0
,     RUN 9, 	129043.0	61.796	1.924	0
,     RUN 10, 	134000.0	61.796	1.651	0
,     RUN 11, 	131551.0	61.797	1.757	0
,     RUN 12, 	125915.0	61.797	1.796	0
,     RUN 13, 	131532.0	61.797	1.826	0
,     RUN 14, 	134009.0	61.797	1.652	0
,     RUN 15, 	126443.0	61.797	1.82	0
,     RUN 16, 	132483.0	61.797	1.855	0
,     RUN 17, 	137723.0	61.797	1.628	0
,     RUN 18, 	138182.0	61.797	1.58	0
,     RUN 19, 	128072.0	61.797	1.637	0
,     RUN 20, 	136791.0	61.797	1.696	0
,     RUN 21, 	129727.0	61.797	1.852	0
,     RUN 22, 	133205.0	61.798	1.834	0
][PROBLEM DOMAIN PersonnelScheduling
,   instance 9 
,     RUN 0, 	130690.0	61.795	5.252	0
,     RUN 1, 	134557.0	61.795	3.091	0
,     RUN 2, 	129373.0	61.796	2.064	0
,     RUN 3, 	130590.0	61.796	2.396	0
,     RUN 4, 	129924.0	61.796	2.491	0
,     RUN 5, 	135729.0	61.796	2.19	0
,     RUN 6, 	135289.0	61.796	2.538	0
,     RUN 7, 	129051.0	61.796	2.32	0
,     RUN 8, 	130185.0	61.796	1.936	0
,     RUN 9, 	129043.0	61.796	1.924	0
,     RUN 10, 	134000.0	61.796	1.651	0
,     RUN 11, 	131551.0	61.797	1.757	0
,     RUN 12, 	125915.0	61.797	1.796	0
,     RUN 13, 	131532.0	61.797	1.826	0
,     RUN 14, 	134009.0	61.797	1.652	0
,     RUN 15, 	126443.0	61.797	1.82	0
,     RUN 16, 	132483.0	61.797	1.855	0
,     RUN 17, 	137723.0	61.797	1.628	0
,     RUN 18, 	138182.0	61.797	1.58	0
,     RUN 19, 	128072.0	61.797	1.637	0
,     RUN 20, 	136791.0	61.797	1.696	0
,     RUN 21, 	129727.0	61.797	1.852	0
,     RUN 22, 	133205.0	61.798	1.834	0
,     RUN 23, 	128813.0	61.798	1.53	0
][PROBLEM DOMAIN PersonnelScheduling
,   instance 9 
,     RUN 0, 	130690.0	61.795	5.252	0
,     RUN 1, 	134557.0	61.795	3.091	0
,     RUN 2, 	129373.0	61.796	2.064	0
,     RUN 3, 	130590.0	61.796	2.396	0
,     RUN 4, 	129924.0	61.796	2.491	0
,     RUN 5, 	135729.0	61.796	2.19	0
,     RUN 6, 	135289.0	61.796	2.538	0
,     RUN 7, 	129051.0	61.796	2.32	0
,     RUN 8, 	130185.0	61.796	1.936	0
,     RUN 9, 	129043.0	61.796	1.924	0
,     RUN 10, 	134000.0	61.796	1.651	0
,     RUN 11, 	131551.0	61.797	1.757	0
,     RUN 12, 	125915.0	61.797	1.796	0
,     RUN 13, 	131532.0	61.797	1.826	0
,     RUN 14, 	134009.0	61.797	1.652	0
,     RUN 15, 	126443.0	61.797	1.82	0
,     RUN 16, 	132483.0	61.797	1.855	0
,     RUN 17, 	137723.0	61.797	1.628	0
,     RUN 18, 	138182.0	61.797	1.58	0
,     RUN 19, 	128072.0	61.797	1.637	0
,     RUN 20, 	136791.0	61.797	1.696	0
,     RUN 21, 	129727.0	61.797	1.852	0
,     RUN 22, 	133205.0	61.798	1.834	0
,     RUN 23, 	128813.0	61.798	1.53	0
,     RUN 24, 	128925.0	61.798	1.705	0
][PROBLEM DOMAIN PersonnelScheduling
,   instance 9 
,     RUN 0, 	130690.0	61.795	5.252	0
,     RUN 1, 	134557.0	61.795	3.091	0
,     RUN 2, 	129373.0	61.796	2.064	0
,     RUN 3, 	130590.0	61.796	2.396	0
,     RUN 4, 	129924.0	61.796	2.491	0
,     RUN 5, 	135729.0	61.796	2.19	0
,     RUN 6, 	135289.0	61.796	2.538	0
,     RUN 7, 	129051.0	61.796	2.32	0
,     RUN 8, 	130185.0	61.796	1.936	0
,     RUN 9, 	129043.0	61.796	1.924	0
,     RUN 10, 	134000.0	61.796	1.651	0
,     RUN 11, 	131551.0	61.797	1.757	0
,     RUN 12, 	125915.0	61.797	1.796	0
,     RUN 13, 	131532.0	61.797	1.826	0
,     RUN 14, 	134009.0	61.797	1.652	0
,     RUN 15, 	126443.0	61.797	1.82	0
,     RUN 16, 	132483.0	61.797	1.855	0
,     RUN 17, 	137723.0	61.797	1.628	0
,     RUN 18, 	138182.0	61.797	1.58	0
,     RUN 19, 	128072.0	61.797	1.637	0
,     RUN 20, 	136791.0	61.797	1.696	0
,     RUN 21, 	129727.0	61.797	1.852	0
,     RUN 22, 	133205.0	61.798	1.834	0
,     RUN 23, 	128813.0	61.798	1.53	0
,     RUN 24, 	128925.0	61.798	1.705	0
,     RUN 25, 	136337.0	61.798	1.803	0
][PROBLEM DOMAIN PersonnelScheduling
,   instance 9 
,     RUN 0, 	130690.0	61.795	5.252	0
,     RUN 1, 	134557.0	61.795	3.091	0
,     RUN 2, 	129373.0	61.796	2.064	0
,     RUN 3, 	130590.0	61.796	2.396	0
,     RUN 4, 	129924.0	61.796	2.491	0
,     RUN 5, 	135729.0	61.796	2.19	0
,     RUN 6, 	135289.0	61.796	2.538	0
,     RUN 7, 	129051.0	61.796	2.32	0
,     RUN 8, 	130185.0	61.796	1.936	0
,     RUN 9, 	129043.0	61.796	1.924	0
,     RUN 10, 	134000.0	61.796	1.651	0
,     RUN 11, 	131551.0	61.797	1.757	0
,     RUN 12, 	125915.0	61.797	1.796	0
,     RUN 13, 	131532.0	61.797	1.826	0
,     RUN 14, 	134009.0	61.797	1.652	0
,     RUN 15, 	126443.0	61.797	1.82	0
,     RUN 16, 	132483.0	61.797	1.855	0
,     RUN 17, 	137723.0	61.797	1.628	0
,     RUN 18, 	138182.0	61.797	1.58	0
,     RUN 19, 	128072.0	61.797	1.637	0
,     RUN 20, 	136791.0	61.797	1.696	0
,     RUN 21, 	129727.0	61.797	1.852	0
,     RUN 22, 	133205.0	61.798	1.834	0
,     RUN 23, 	128813.0	61.798	1.53	0
,     RUN 24, 	128925.0	61.798	1.705	0
,     RUN 25, 	136337.0	61.798	1.803	0
,     RUN 26, 	130912.0	61.798	1.659	0
][PROBLEM DOMAIN PersonnelScheduling
,   instance 9 
,     RUN 0, 	130690.0	61.795	5.252	0
,     RUN 1, 	134557.0	61.795	3.091	0
,     RUN 2, 	129373.0	61.796	2.064	0
,     RUN 3, 	130590.0	61.796	2.396	0
,     RUN 4, 	129924.0	61.796	2.491	0
,     RUN 5, 	135729.0	61.796	2.19	0
,     RUN 6, 	135289.0	61.796	2.538	0
,     RUN 7, 	129051.0	61.796	2.32	0
,     RUN 8, 	130185.0	61.796	1.936	0
,     RUN 9, 	129043.0	61.796	1.924	0
,     RUN 10, 	134000.0	61.796	1.651	0
,     RUN 11, 	131551.0	61.797	1.757	0
,     RUN 12, 	125915.0	61.797	1.796	0
,     RUN 13, 	131532.0	61.797	1.826	0
,     RUN 14, 	134009.0	61.797	1.652	0
,     RUN 15, 	126443.0	61.797	1.82	0
,     RUN 16, 	132483.0	61.797	1.855	0
,     RUN 17, 	137723.0	61.797	1.628	0
,     RUN 18, 	138182.0	61.797	1.58	0
,     RUN 19, 	128072.0	61.797	1.637	0
,     RUN 20, 	136791.0	61.797	1.696	0
,     RUN 21, 	129727.0	61.797	1.852	0
,     RUN 22, 	133205.0	61.798	1.834	0
,     RUN 23, 	128813.0	61.798	1.53	0
,     RUN 24, 	128925.0	61.798	1.705	0
,     RUN 25, 	136337.0	61.798	1.803	0
,     RUN 26, 	130912.0	61.798	1.659	0
,     RUN 27, 	136523.0	61.798	1.63	0
][PROBLEM DOMAIN PersonnelScheduling
,   instance 9 
,     RUN 0, 	130690.0	61.795	5.252	0
,     RUN 1, 	134557.0	61.795	3.091	0
,     RUN 2, 	129373.0	61.796	2.064	0
,     RUN 3, 	130590.0	61.796	2.396	0
,     RUN 4, 	129924.0	61.796	2.491	0
,     RUN 5, 	135729.0	61.796	2.19	0
,     RUN 6, 	135289.0	61.796	2.538	0
,     RUN 7, 	129051.0	61.796	2.32	0
,     RUN 8, 	130185.0	61.796	1.936	0
,     RUN 9, 	129043.0	61.796	1.924	0
,     RUN 10, 	134000.0	61.796	1.651	0
,     RUN 11, 	131551.0	61.797	1.757	0
,     RUN 12, 	125915.0	61.797	1.796	0
,     RUN 13, 	131532.0	61.797	1.826	0
,     RUN 14, 	134009.0	61.797	1.652	0
,     RUN 15, 	126443.0	61.797	1.82	0
,     RUN 16, 	132483.0	61.797	1.855	0
,     RUN 17, 	137723.0	61.797	1.628	0
,     RUN 18, 	138182.0	61.797	1.58	0
,     RUN 19, 	128072.0	61.797	1.637	0
,     RUN 20, 	136791.0	61.797	1.696	0
,     RUN 21, 	129727.0	61.797	1.852	0
,     RUN 22, 	133205.0	61.798	1.834	0
,     RUN 23, 	128813.0	61.798	1.53	0
,     RUN 24, 	128925.0	61.798	1.705	0
,     RUN 25, 	136337.0	61.798	1.803	0
,     RUN 26, 	130912.0	61.798	1.659	0
,     RUN 27, 	136523.0	61.798	1.63	0
,     RUN 28, 	137600.0	61.798	1.583	0
][PROBLEM DOMAIN PersonnelScheduling
,   instance 9 
,     RUN 0, 	130690.0	61.795	5.252	0
,     RUN 1, 	134557.0	61.795	3.091	0
,     RUN 2, 	129373.0	61.796	2.064	0
,     RUN 3, 	130590.0	61.796	2.396	0
,     RUN 4, 	129924.0	61.796	2.491	0
,     RUN 5, 	135729.0	61.796	2.19	0
,     RUN 6, 	135289.0	61.796	2.538	0
,     RUN 7, 	129051.0	61.796	2.32	0
,     RUN 8, 	130185.0	61.796	1.936	0
,     RUN 9, 	129043.0	61.796	1.924	0
,     RUN 10, 	134000.0	61.796	1.651	0
,     RUN 11, 	131551.0	61.797	1.757	0
,     RUN 12, 	125915.0	61.797	1.796	0
,     RUN 13, 	131532.0	61.797	1.826	0
,     RUN 14, 	134009.0	61.797	1.652	0
,     RUN 15, 	126443.0	61.797	1.82	0
,     RUN 16, 	132483.0	61.797	1.855	0
,     RUN 17, 	137723.0	61.797	1.628	0
,     RUN 18, 	138182.0	61.797	1.58	0
,     RUN 19, 	128072.0	61.797	1.637	0
,     RUN 20, 	136791.0	61.797	1.696	0
,     RUN 21, 	129727.0	61.797	1.852	0
,     RUN 22, 	133205.0	61.798	1.834	0
,     RUN 23, 	128813.0	61.798	1.53	0
,     RUN 24, 	128925.0	61.798	1.705	0
,     RUN 25, 	136337.0	61.798	1.803	0
,     RUN 26, 	130912.0	61.798	1.659	0
,     RUN 27, 	136523.0	61.798	1.63	0
,     RUN 28, 	137600.0	61.798	1.583	0
,     RUN 29, 	133766.0	61.798	1.692	0
][PROBLEM DOMAIN PersonnelScheduling
,   instance 9 
,     RUN 0, 	130690.0	61.795	5.252	0
,     RUN 1, 	134557.0	61.795	3.091	0
,     RUN 2, 	129373.0	61.796	2.064	0
,     RUN 3, 	130590.0	61.796	2.396	0
,     RUN 4, 	129924.0	61.796	2.491	0
,     RUN 5, 	135729.0	61.796	2.19	0
,     RUN 6, 	135289.0	61.796	2.538	0
,     RUN 7, 	129051.0	61.796	2.32	0
,     RUN 8, 	130185.0	61.796	1.936	0
,     RUN 9, 	129043.0	61.796	1.924	0
,     RUN 10, 	134000.0	61.796	1.651	0
,     RUN 11, 	131551.0	61.797	1.757	0
,     RUN 12, 	125915.0	61.797	1.796	0
,     RUN 13, 	131532.0	61.797	1.826	0
,     RUN 14, 	134009.0	61.797	1.652	0
,     RUN 15, 	126443.0	61.797	1.82	0
,     RUN 16, 	132483.0	61.797	1.855	0
,     RUN 17, 	137723.0	61.797	1.628	0
,     RUN 18, 	138182.0	61.797	1.58	0
,     RUN 19, 	128072.0	61.797	1.637	0
,     RUN 20, 	136791.0	61.797	1.696	0
,     RUN 21, 	129727.0	61.797	1.852	0
,     RUN 22, 	133205.0	61.798	1.834	0
,     RUN 23, 	128813.0	61.798	1.53	0
,     RUN 24, 	128925.0	61.798	1.705	0
,     RUN 25, 	136337.0	61.798	1.803	0
,     RUN 26, 	130912.0	61.798	1.659	0
,     RUN 27, 	136523.0	61.798	1.63	0
,     RUN 28, 	137600.0	61.798	1.583	0
,     RUN 29, 	133766.0	61.798	1.692	0
,     RUN 30, 	132562.0	61.798	1.707	0
]