[PROBLEM DOMAIN SAT
,   instance 3 
,     RUN 0, 	306.0	0.068	0.477	7
][PROBLEM DOMAIN SAT
,   instance 3 
,     RUN 0, 	306.0	0.068	0.477	7
,     RUN 1, 	267.0	0.069	0.421	6
][PROBLEM DOMAIN SAT
,   instance 3 
,     RUN 0, 	306.0	0.068	0.477	7
,     RUN 1, 	267.0	0.069	0.421	6
,     RUN 2, 	281.0	0.069	0.336	6
][PROBLEM DOMAIN SAT
,   instance 3 
,     RUN 0, 	306.0	0.068	0.477	7
,     RUN 1, 	267.0	0.069	0.421	6
,     RUN 2, 	281.0	0.069	0.336	6
,     RUN 3, 	289.0	0.069	0.4	7
][PROBLEM DOMAIN SAT
,   instance 3 
,     RUN 0, 	306.0	0.068	0.477	7
,     RUN 1, 	267.0	0.069	0.421	6
,     RUN 2, 	281.0	0.069	0.336	6
,     RUN 3, 	289.0	0.069	0.4	7
,     RUN 4, 	297.0	0.069	1.299	8
][PROBLEM DOMAIN SAT
,   instance 3 
,     RUN 0, 	306.0	0.068	0.477	7
,     RUN 1, 	267.0	0.069	0.421	6
,     RUN 2, 	281.0	0.069	0.336	6
,     RUN 3, 	289.0	0.069	0.4	7
,     RUN 4, 	297.0	0.069	1.299	8
,     RUN 5, 	297.0	0.07	3.591	7
][PROBLEM DOMAIN SAT
,   instance 3 
,     RUN 0, 	306.0	0.068	0.477	7
,     RUN 1, 	267.0	0.069	0.421	6
,     RUN 2, 	281.0	0.069	0.336	6
,     RUN 3, 	289.0	0.069	0.4	7
,     RUN 4, 	297.0	0.069	1.299	8
,     RUN 5, 	297.0	0.07	3.591	7
,     RUN 6, 	252.0	0.07	3.738	9
][PROBLEM DOMAIN SAT
,   instance 3 
,     RUN 0, 	306.0	0.068	0.477	7
,     RUN 1, 	267.0	0.069	0.421	6
,     RUN 2, 	281.0	0.069	0.336	6
,     RUN 3, 	289.0	0.069	0.4	7
,     RUN 4, 	297.0	0.069	1.299	8
,     RUN 5, 	297.0	0.07	3.591	7
,     RUN 6, 	252.0	0.07	3.738	9
,     RUN 7, 	270.0	0.07	3.908	7
][PROBLEM DOMAIN SAT
,   instance 3 
,     RUN 0, 	306.0	0.068	0.477	7
,     RUN 1, 	267.0	0.069	0.421	6
,     RUN 2, 	281.0	0.069	0.336	6
,     RUN 3, 	289.0	0.069	0.4	7
,     RUN 4, 	297.0	0.069	1.299	8
,     RUN 5, 	297.0	0.07	3.591	7
,     RUN 6, 	252.0	0.07	3.738	9
,     RUN 7, 	270.0	0.07	3.908	7
,     RUN 8, 	296.0	0.07	4.604	7
][PROBLEM DOMAIN SAT
,   instance 3 
,     RUN 0, 	306.0	0.068	0.477	7
,     RUN 1, 	267.0	0.069	0.421	6
,     RUN 2, 	281.0	0.069	0.336	6
,     RUN 3, 	289.0	0.069	0.4	7
,     RUN 4, 	297.0	0.069	1.299	8
,     RUN 5, 	297.0	0.07	3.591	7
,     RUN 6, 	252.0	0.07	3.738	9
,     RUN 7, 	270.0	0.07	3.908	7
,     RUN 8, 	296.0	0.07	4.604	7
,     RUN 9, 	289.0	0.07	5.389	7
][PROBLEM DOMAIN SAT
,   instance 3 
,     RUN 0, 	306.0	0.068	0.477	7
,     RUN 1, 	267.0	0.069	0.421	6
,     RUN 2, 	281.0	0.069	0.336	6
,     RUN 3, 	289.0	0.069	0.4	7
,     RUN 4, 	297.0	0.069	1.299	8
,     RUN 5, 	297.0	0.07	3.591	7
,     RUN 6, 	252.0	0.07	3.738	9
,     RUN 7, 	270.0	0.07	3.908	7
,     RUN 8, 	296.0	0.07	4.604	7
,     RUN 9, 	289.0	0.07	5.389	7
,     RUN 10, 	256.0	0.071	6.387	7
][PROBLEM DOMAIN SAT
,   instance 3 
,     RUN 0, 	306.0	0.068	0.477	7
,     RUN 1, 	267.0	0.069	0.421	6
,     RUN 2, 	281.0	0.069	0.336	6
,     RUN 3, 	289.0	0.069	0.4	7
,     RUN 4, 	297.0	0.069	1.299	8
,     RUN 5, 	297.0	0.07	3.591	7
,     RUN 6, 	252.0	0.07	3.738	9
,     RUN 7, 	270.0	0.07	3.908	7
,     RUN 8, 	296.0	0.07	4.604	7
,     RUN 9, 	289.0	0.07	5.389	7
,     RUN 10, 	256.0	0.071	6.387	7
,     RUN 11, 	279.0	0.071	3.159	8
][PROBLEM DOMAIN SAT
,   instance 3 
,     RUN 0, 	306.0	0.068	0.477	7
,     RUN 1, 	267.0	0.069	0.421	6
,     RUN 2, 	281.0	0.069	0.336	6
,     RUN 3, 	289.0	0.069	0.4	7
,     RUN 4, 	297.0	0.069	1.299	8
,     RUN 5, 	297.0	0.07	3.591	7
,     RUN 6, 	252.0	0.07	3.738	9
,     RUN 7, 	270.0	0.07	3.908	7
,     RUN 8, 	296.0	0.07	4.604	7
,     RUN 9, 	289.0	0.07	5.389	7
,     RUN 10, 	256.0	0.071	6.387	7
,     RUN 11, 	279.0	0.071	3.159	8
,     RUN 12, 	262.0	0.071	6.562	8
][PROBLEM DOMAIN SAT
,   instance 3 
,     RUN 0, 	306.0	0.068	0.477	7
,     RUN 1, 	267.0	0.069	0.421	6
,     RUN 2, 	281.0	0.069	0.336	6
,     RUN 3, 	289.0	0.069	0.4	7
,     RUN 4, 	297.0	0.069	1.299	8
,     RUN 5, 	297.0	0.07	3.591	7
,     RUN 6, 	252.0	0.07	3.738	9
,     RUN 7, 	270.0	0.07	3.908	7
,     RUN 8, 	296.0	0.07	4.604	7
,     RUN 9, 	289.0	0.07	5.389	7
,     RUN 10, 	256.0	0.071	6.387	7
,     RUN 11, 	279.0	0.071	3.159	8
,     RUN 12, 	262.0	0.071	6.562	8
,     RUN 13, 	271.0	0.071	3.996	7
][PROBLEM DOMAIN SAT
,   instance 3 
,     RUN 0, 	306.0	0.068	0.477	7
,     RUN 1, 	267.0	0.069	0.421	6
,     RUN 2, 	281.0	0.069	0.336	6
,     RUN 3, 	289.0	0.069	0.4	7
,     RUN 4, 	297.0	0.069	1.299	8
,     RUN 5, 	297.0	0.07	3.591	7
,     RUN 6, 	252.0	0.07	3.738	9
,     RUN 7, 	270.0	0.07	3.908	7
,     RUN 8, 	296.0	0.07	4.604	7
,     RUN 9, 	289.0	0.07	5.389	7
,     RUN 10, 	256.0	0.071	6.387	7
,     RUN 11, 	279.0	0.071	3.159	8
,     RUN 12, 	262.0	0.071	6.562	8
,     RUN 13, 	271.0	0.071	3.996	7
,     RUN 14, 	256.0	0.071	3.182	8
][PROBLEM DOMAIN SAT
,   instance 3 
,     RUN 0, 	306.0	0.068	0.477	7
,     RUN 1, 	267.0	0.069	0.421	6
,     RUN 2, 	281.0	0.069	0.336	6
,     RUN 3, 	289.0	0.069	0.4	7
,     RUN 4, 	297.0	0.069	1.299	8
,     RUN 5, 	297.0	0.07	3.591	7
,     RUN 6, 	252.0	0.07	3.738	9
,     RUN 7, 	270.0	0.07	3.908	7
,     RUN 8, 	296.0	0.07	4.604	7
,     RUN 9, 	289.0	0.07	5.389	7
,     RUN 10, 	256.0	0.071	6.387	7
,     RUN 11, 	279.0	0.071	3.159	8
,     RUN 12, 	262.0	0.071	6.562	8
,     RUN 13, 	271.0	0.071	3.996	7
,     RUN 14, 	256.0	0.071	3.182	8
,     RUN 15, 	302.0	0.072	6.242	7
][PROBLEM DOMAIN SAT
,   instance 3 
,     RUN 0, 	306.0	0.068	0.477	7
,     RUN 1, 	267.0	0.069	0.421	6
,     RUN 2, 	281.0	0.069	0.336	6
,     RUN 3, 	289.0	0.069	0.4	7
,     RUN 4, 	297.0	0.069	1.299	8
,     RUN 5, 	297.0	0.07	3.591	7
,     RUN 6, 	252.0	0.07	3.738	9
,     RUN 7, 	270.0	0.07	3.908	7
,     RUN 8, 	296.0	0.07	4.604	7
,     RUN 9, 	289.0	0.07	5.389	7
,     RUN 10, 	256.0	0.071	6.387	7
,     RUN 11, 	279.0	0.071	3.159	8
,     RUN 12, 	262.0	0.071	6.562	8
,     RUN 13, 	271.0	0.071	3.996	7
,     RUN 14, 	256.0	0.071	3.182	8
,     RUN 15, 	302.0	0.072	6.242	7
,     RUN 16, 	274.0	0.072	1.813	7
][PROBLEM DOMAIN SAT
,   instance 3 
,     RUN 0, 	306.0	0.068	0.477	7
,     RUN 1, 	267.0	0.069	0.421	6
,     RUN 2, 	281.0	0.069	0.336	6
,     RUN 3, 	289.0	0.069	0.4	7
,     RUN 4, 	297.0	0.069	1.299	8
,     RUN 5, 	297.0	0.07	3.591	7
,     RUN 6, 	252.0	0.07	3.738	9
,     RUN 7, 	270.0	0.07	3.908	7
,     RUN 8, 	296.0	0.07	4.604	7
,     RUN 9, 	289.0	0.07	5.389	7
,     RUN 10, 	256.0	0.071	6.387	7
,     RUN 11, 	279.0	0.071	3.159	8
,     RUN 12, 	262.0	0.071	6.562	8
,     RUN 13, 	271.0	0.071	3.996	7
,     RUN 14, 	256.0	0.071	3.182	8
,     RUN 15, 	302.0	0.072	6.242	7
,     RUN 16, 	274.0	0.072	1.813	7
,     RUN 17, 	317.0	0.072	1.685	7
][PROBLEM DOMAIN SAT
,   instance 3 
,     RUN 0, 	306.0	0.068	0.477	7
,     RUN 1, 	267.0	0.069	0.421	6
,     RUN 2, 	281.0	0.069	0.336	6
,     RUN 3, 	289.0	0.069	0.4	7
,     RUN 4, 	297.0	0.069	1.299	8
,     RUN 5, 	297.0	0.07	3.591	7
,     RUN 6, 	252.0	0.07	3.738	9
,     RUN 7, 	270.0	0.07	3.908	7
,     RUN 8, 	296.0	0.07	4.604	7
,     RUN 9, 	289.0	0.07	5.389	7
,     RUN 10, 	256.0	0.071	6.387	7
,     RUN 11, 	279.0	0.071	3.159	8
,     RUN 12, 	262.0	0.071	6.562	8
,     RUN 13, 	271.0	0.071	3.996	7
,     RUN 14, 	256.0	0.071	3.182	8
,     RUN 15, 	302.0	0.072	6.242	7
,     RUN 16, 	274.0	0.072	1.813	7
,     RUN 17, 	317.0	0.072	1.685	7
,     RUN 18, 	341.0	0.072	2.826	6
][PROBLEM DOMAIN SAT
,   instance 3 
,     RUN 0, 	306.0	0.068	0.477	7
,     RUN 1, 	267.0	0.069	0.421	6
,     RUN 2, 	281.0	0.069	0.336	6
,     RUN 3, 	289.0	0.069	0.4	7
,     RUN 4, 	297.0	0.069	1.299	8
,     RUN 5, 	297.0	0.07	3.591	7
,     RUN 6, 	252.0	0.07	3.738	9
,     RUN 7, 	270.0	0.07	3.908	7
,     RUN 8, 	296.0	0.07	4.604	7
,     RUN 9, 	289.0	0.07	5.389	7
,     RUN 10, 	256.0	0.071	6.387	7
,     RUN 11, 	279.0	0.071	3.159	8
,     RUN 12, 	262.0	0.071	6.562	8
,     RUN 13, 	271.0	0.071	3.996	7
,     RUN 14, 	256.0	0.071	3.182	8
,     RUN 15, 	302.0	0.072	6.242	7
,     RUN 16, 	274.0	0.072	1.813	7
,     RUN 17, 	317.0	0.072	1.685	7
,     RUN 18, 	341.0	0.072	2.826	6
,     RUN 19, 	274.0	0.072	3.357	7
][PROBLEM DOMAIN SAT
,   instance 3 
,     RUN 0, 	306.0	0.068	0.477	7
,     RUN 1, 	267.0	0.069	0.421	6
,     RUN 2, 	281.0	0.069	0.336	6
,     RUN 3, 	289.0	0.069	0.4	7
,     RUN 4, 	297.0	0.069	1.299	8
,     RUN 5, 	297.0	0.07	3.591	7
,     RUN 6, 	252.0	0.07	3.738	9
,     RUN 7, 	270.0	0.07	3.908	7
,     RUN 8, 	296.0	0.07	4.604	7
,     RUN 9, 	289.0	0.07	5.389	7
,     RUN 10, 	256.0	0.071	6.387	7
,     RUN 11, 	279.0	0.071	3.159	8
,     RUN 12, 	262.0	0.071	6.562	8
,     RUN 13, 	271.0	0.071	3.996	7
,     RUN 14, 	256.0	0.071	3.182	8
,     RUN 15, 	302.0	0.072	6.242	7
,     RUN 16, 	274.0	0.072	1.813	7
,     RUN 17, 	317.0	0.072	1.685	7
,     RUN 18, 	341.0	0.072	2.826	6
,     RUN 19, 	274.0	0.072	3.357	7
,     RUN 20, 	297.0	0.073	3.797	7
][PROBLEM DOMAIN SAT
,   instance 3 
,     RUN 0, 	306.0	0.068	0.477	7
,     RUN 1, 	267.0	0.069	0.421	6
,     RUN 2, 	281.0	0.069	0.336	6
,     RUN 3, 	289.0	0.069	0.4	7
,     RUN 4, 	297.0	0.069	1.299	8
,     RUN 5, 	297.0	0.07	3.591	7
,     RUN 6, 	252.0	0.07	3.738	9
,     RUN 7, 	270.0	0.07	3.908	7
,     RUN 8, 	296.0	0.07	4.604	7
,     RUN 9, 	289.0	0.07	5.389	7
,     RUN 10, 	256.0	0.071	6.387	7
,     RUN 11, 	279.0	0.071	3.159	8
,     RUN 12, 	262.0	0.071	6.562	8
,     RUN 13, 	271.0	0.071	3.996	7
,     RUN 14, 	256.0	0.071	3.182	8
,     RUN 15, 	302.0	0.072	6.242	7
,     RUN 16, 	274.0	0.072	1.813	7
,     RUN 17, 	317.0	0.072	1.685	7
,     RUN 18, 	341.0	0.072	2.826	6
,     RUN 19, 	274.0	0.072	3.357	7
,     RUN 20, 	297.0	0.073	3.797	7
,     RUN 21, 	259.0	0.073	4.341	8
][PROBLEM DOMAIN SAT
,   instance 3 
,     RUN 0, 	306.0	0.068	0.477	7
,     RUN 1, 	267.0	0.069	0.421	6
,     RUN 2, 	281.0	0.069	0.336	6
,     RUN 3, 	289.0	0.069	0.4	7
,     RUN 4, 	297.0	0.069	1.299	8
,     RUN 5, 	297.0	0.07	3.591	7
,     RUN 6, 	252.0	0.07	3.738	9
,     RUN 7, 	270.0	0.07	3.908	7
,     RUN 8, 	296.0	0.07	4.604	7
,     RUN 9, 	289.0	0.07	5.389	7
,     RUN 10, 	256.0	0.071	6.387	7
,     RUN 11, 	279.0	0.071	3.159	8
,     RUN 12, 	262.0	0.071	6.562	8
,     RUN 13, 	271.0	0.071	3.996	7
,     RUN 14, 	256.0	0.071	3.182	8
,     RUN 15, 	302.0	0.072	6.242	7
,     RUN 16, 	274.0	0.072	1.813	7
,     RUN 17, 	317.0	0.072	1.685	7
,     RUN 18, 	341.0	0.072	2.826	6
,     RUN 19, 	274.0	0.072	3.357	7
,     RUN 20, 	297.0	0.073	3.797	7
,     RUN 21, 	259.0	0.073	4.341	8
,     RUN 22, 	312.0	0.073	1.938	7
][PROBLEM DOMAIN SAT
,   instance 3 
,     RUN 0, 	306.0	0.068	0.477	7
,     RUN 1, 	267.0	0.069	0.421	6
,     RUN 2, 	281.0	0.069	0.336	6
,     RUN 3, 	289.0	0.069	0.4	7
,     RUN 4, 	297.0	0.069	1.299	8
,     RUN 5, 	297.0	0.07	3.591	7
,     RUN 6, 	252.0	0.07	3.738	9
,     RUN 7, 	270.0	0.07	3.908	7
,     RUN 8, 	296.0	0.07	4.604	7
,     RUN 9, 	289.0	0.07	5.389	7
,     RUN 10, 	256.0	0.071	6.387	7
,     RUN 11, 	279.0	0.071	3.159	8
,     RUN 12, 	262.0	0.071	6.562	8
,     RUN 13, 	271.0	0.071	3.996	7
,     RUN 14, 	256.0	0.071	3.182	8
,     RUN 15, 	302.0	0.072	6.242	7
,     RUN 16, 	274.0	0.072	1.813	7
,     RUN 17, 	317.0	0.072	1.685	7
,     RUN 18, 	341.0	0.072	2.826	6
,     RUN 19, 	274.0	0.072	3.357	7
,     RUN 20, 	297.0	0.073	3.797	7
,     RUN 21, 	259.0	0.073	4.341	8
,     RUN 22, 	312.0	0.073	1.938	7
,     RUN 23, 	340.0	0.073	3.218	7
][PROBLEM DOMAIN SAT
,   instance 3 
,     RUN 0, 	306.0	0.068	0.477	7
,     RUN 1, 	267.0	0.069	0.421	6
,     RUN 2, 	281.0	0.069	0.336	6
,     RUN 3, 	289.0	0.069	0.4	7
,     RUN 4, 	297.0	0.069	1.299	8
,     RUN 5, 	297.0	0.07	3.591	7
,     RUN 6, 	252.0	0.07	3.738	9
,     RUN 7, 	270.0	0.07	3.908	7
,     RUN 8, 	296.0	0.07	4.604	7
,     RUN 9, 	289.0	0.07	5.389	7
,     RUN 10, 	256.0	0.071	6.387	7
,     RUN 11, 	279.0	0.071	3.159	8
,     RUN 12, 	262.0	0.071	6.562	8
,     RUN 13, 	271.0	0.071	3.996	7
,     RUN 14, 	256.0	0.071	3.182	8
,     RUN 15, 	302.0	0.072	6.242	7
,     RUN 16, 	274.0	0.072	1.813	7
,     RUN 17, 	317.0	0.072	1.685	7
,     RUN 18, 	341.0	0.072	2.826	6
,     RUN 19, 	274.0	0.072	3.357	7
,     RUN 20, 	297.0	0.073	3.797	7
,     RUN 21, 	259.0	0.073	4.341	8
,     RUN 22, 	312.0	0.073	1.938	7
,     RUN 23, 	340.0	0.073	3.218	7
,     RUN 24, 	280.0	0.073	3.417	7
][PROBLEM DOMAIN SAT
,   instance 3 
,     RUN 0, 	306.0	0.068	0.477	7
,     RUN 1, 	267.0	0.069	0.421	6
,     RUN 2, 	281.0	0.069	0.336	6
,     RUN 3, 	289.0	0.069	0.4	7
,     RUN 4, 	297.0	0.069	1.299	8
,     RUN 5, 	297.0	0.07	3.591	7
,     RUN 6, 	252.0	0.07	3.738	9
,     RUN 7, 	270.0	0.07	3.908	7
,     RUN 8, 	296.0	0.07	4.604	7
,     RUN 9, 	289.0	0.07	5.389	7
,     RUN 10, 	256.0	0.071	6.387	7
,     RUN 11, 	279.0	0.071	3.159	8
,     RUN 12, 	262.0	0.071	6.562	8
,     RUN 13, 	271.0	0.071	3.996	7
,     RUN 14, 	256.0	0.071	3.182	8
,     RUN 15, 	302.0	0.072	6.242	7
,     RUN 16, 	274.0	0.072	1.813	7
,     RUN 17, 	317.0	0.072	1.685	7
,     RUN 18, 	341.0	0.072	2.826	6
,     RUN 19, 	274.0	0.072	3.357	7
,     RUN 20, 	297.0	0.073	3.797	7
,     RUN 21, 	259.0	0.073	4.341	8
,     RUN 22, 	312.0	0.073	1.938	7
,     RUN 23, 	340.0	0.073	3.218	7
,     RUN 24, 	280.0	0.073	3.417	7
,     RUN 25, 	270.0	0.074	1.792	7
][PROBLEM DOMAIN SAT
,   instance 3 
,     RUN 0, 	306.0	0.068	0.477	7
,     RUN 1, 	267.0	0.069	0.421	6
,     RUN 2, 	281.0	0.069	0.336	6
,     RUN 3, 	289.0	0.069	0.4	7
,     RUN 4, 	297.0	0.069	1.299	8
,     RUN 5, 	297.0	0.07	3.591	7
,     RUN 6, 	252.0	0.07	3.738	9
,     RUN 7, 	270.0	0.07	3.908	7
,     RUN 8, 	296.0	0.07	4.604	7
,     RUN 9, 	289.0	0.07	5.389	7
,     RUN 10, 	256.0	0.071	6.387	7
,     RUN 11, 	279.0	0.071	3.159	8
,     RUN 12, 	262.0	0.071	6.562	8
,     RUN 13, 	271.0	0.071	3.996	7
,     RUN 14, 	256.0	0.071	3.182	8
,     RUN 15, 	302.0	0.072	6.242	7
,     RUN 16, 	274.0	0.072	1.813	7
,     RUN 17, 	317.0	0.072	1.685	7
,     RUN 18, 	341.0	0.072	2.826	6
,     RUN 19, 	274.0	0.072	3.357	7
,     RUN 20, 	297.0	0.073	3.797	7
,     RUN 21, 	259.0	0.073	4.341	8
,     RUN 22, 	312.0	0.073	1.938	7
,     RUN 23, 	340.0	0.073	3.218	7
,     RUN 24, 	280.0	0.073	3.417	7
,     RUN 25, 	270.0	0.074	1.792	7
,     RUN 26, 	284.0	0.074	5.236	7
][PROBLEM DOMAIN SAT
,   instance 3 
,     RUN 0, 	306.0	0.068	0.477	7
,     RUN 1, 	267.0	0.069	0.421	6
,     RUN 2, 	281.0	0.069	0.336	6
,     RUN 3, 	289.0	0.069	0.4	7
,     RUN 4, 	297.0	0.069	1.299	8
,     RUN 5, 	297.0	0.07	3.591	7
,     RUN 6, 	252.0	0.07	3.738	9
,     RUN 7, 	270.0	0.07	3.908	7
,     RUN 8, 	296.0	0.07	4.604	7
,     RUN 9, 	289.0	0.07	5.389	7
,     RUN 10, 	256.0	0.071	6.387	7
,     RUN 11, 	279.0	0.071	3.159	8
,     RUN 12, 	262.0	0.071	6.562	8
,     RUN 13, 	271.0	0.071	3.996	7
,     RUN 14, 	256.0	0.071	3.182	8
,     RUN 15, 	302.0	0.072	6.242	7
,     RUN 16, 	274.0	0.072	1.813	7
,     RUN 17, 	317.0	0.072	1.685	7
,     RUN 18, 	341.0	0.072	2.826	6
,     RUN 19, 	274.0	0.072	3.357	7
,     RUN 20, 	297.0	0.073	3.797	7
,     RUN 21, 	259.0	0.073	4.341	8
,     RUN 22, 	312.0	0.073	1.938	7
,     RUN 23, 	340.0	0.073	3.218	7
,     RUN 24, 	280.0	0.073	3.417	7
,     RUN 25, 	270.0	0.074	1.792	7
,     RUN 26, 	284.0	0.074	5.236	7
,     RUN 27, 	285.0	0.074	4.354	7
][PROBLEM DOMAIN SAT
,   instance 3 
,     RUN 0, 	306.0	0.068	0.477	7
,     RUN 1, 	267.0	0.069	0.421	6
,     RUN 2, 	281.0	0.069	0.336	6
,     RUN 3, 	289.0	0.069	0.4	7
,     RUN 4, 	297.0	0.069	1.299	8
,     RUN 5, 	297.0	0.07	3.591	7
,     RUN 6, 	252.0	0.07	3.738	9
,     RUN 7, 	270.0	0.07	3.908	7
,     RUN 8, 	296.0	0.07	4.604	7
,     RUN 9, 	289.0	0.07	5.389	7
,     RUN 10, 	256.0	0.071	6.387	7
,     RUN 11, 	279.0	0.071	3.159	8
,     RUN 12, 	262.0	0.071	6.562	8
,     RUN 13, 	271.0	0.071	3.996	7
,     RUN 14, 	256.0	0.071	3.182	8
,     RUN 15, 	302.0	0.072	6.242	7
,     RUN 16, 	274.0	0.072	1.813	7
,     RUN 17, 	317.0	0.072	1.685	7
,     RUN 18, 	341.0	0.072	2.826	6
,     RUN 19, 	274.0	0.072	3.357	7
,     RUN 20, 	297.0	0.073	3.797	7
,     RUN 21, 	259.0	0.073	4.341	8
,     RUN 22, 	312.0	0.073	1.938	7
,     RUN 23, 	340.0	0.073	3.218	7
,     RUN 24, 	280.0	0.073	3.417	7
,     RUN 25, 	270.0	0.074	1.792	7
,     RUN 26, 	284.0	0.074	5.236	7
,     RUN 27, 	285.0	0.074	4.354	7
,     RUN 28, 	298.0	0.074	1.041	7
][PROBLEM DOMAIN SAT
,   instance 3 
,     RUN 0, 	306.0	0.068	0.477	7
,     RUN 1, 	267.0	0.069	0.421	6
,     RUN 2, 	281.0	0.069	0.336	6
,     RUN 3, 	289.0	0.069	0.4	7
,     RUN 4, 	297.0	0.069	1.299	8
,     RUN 5, 	297.0	0.07	3.591	7
,     RUN 6, 	252.0	0.07	3.738	9
,     RUN 7, 	270.0	0.07	3.908	7
,     RUN 8, 	296.0	0.07	4.604	7
,     RUN 9, 	289.0	0.07	5.389	7
,     RUN 10, 	256.0	0.071	6.387	7
,     RUN 11, 	279.0	0.071	3.159	8
,     RUN 12, 	262.0	0.071	6.562	8
,     RUN 13, 	271.0	0.071	3.996	7
,     RUN 14, 	256.0	0.071	3.182	8
,     RUN 15, 	302.0	0.072	6.242	7
,     RUN 16, 	274.0	0.072	1.813	7
,     RUN 17, 	317.0	0.072	1.685	7
,     RUN 18, 	341.0	0.072	2.826	6
,     RUN 19, 	274.0	0.072	3.357	7
,     RUN 20, 	297.0	0.073	3.797	7
,     RUN 21, 	259.0	0.073	4.341	8
,     RUN 22, 	312.0	0.073	1.938	7
,     RUN 23, 	340.0	0.073	3.218	7
,     RUN 24, 	280.0	0.073	3.417	7
,     RUN 25, 	270.0	0.074	1.792	7
,     RUN 26, 	284.0	0.074	5.236	7
,     RUN 27, 	285.0	0.074	4.354	7
,     RUN 28, 	298.0	0.074	1.041	7
,     RUN 29, 	275.0	0.074	1.955	7
][PROBLEM DOMAIN SAT
,   instance 3 
,     RUN 0, 	306.0	0.068	0.477	7
,     RUN 1, 	267.0	0.069	0.421	6
,     RUN 2, 	281.0	0.069	0.336	6
,     RUN 3, 	289.0	0.069	0.4	7
,     RUN 4, 	297.0	0.069	1.299	8
,     RUN 5, 	297.0	0.07	3.591	7
,     RUN 6, 	252.0	0.07	3.738	9
,     RUN 7, 	270.0	0.07	3.908	7
,     RUN 8, 	296.0	0.07	4.604	7
,     RUN 9, 	289.0	0.07	5.389	7
,     RUN 10, 	256.0	0.071	6.387	7
,     RUN 11, 	279.0	0.071	3.159	8
,     RUN 12, 	262.0	0.071	6.562	8
,     RUN 13, 	271.0	0.071	3.996	7
,     RUN 14, 	256.0	0.071	3.182	8
,     RUN 15, 	302.0	0.072	6.242	7
,     RUN 16, 	274.0	0.072	1.813	7
,     RUN 17, 	317.0	0.072	1.685	7
,     RUN 18, 	341.0	0.072	2.826	6
,     RUN 19, 	274.0	0.072	3.357	7
,     RUN 20, 	297.0	0.073	3.797	7
,     RUN 21, 	259.0	0.073	4.341	8
,     RUN 22, 	312.0	0.073	1.938	7
,     RUN 23, 	340.0	0.073	3.218	7
,     RUN 24, 	280.0	0.073	3.417	7
,     RUN 25, 	270.0	0.074	1.792	7
,     RUN 26, 	284.0	0.074	5.236	7
,     RUN 27, 	285.0	0.074	4.354	7
,     RUN 28, 	298.0	0.074	1.041	7
,     RUN 29, 	275.0	0.074	1.955	7
,     RUN 30, 	296.0	0.075	4.909	7
]