[PROBLEM DOMAIN SAT
,   instance 11 
,     RUN 0, 	90.0	0.042	0.448	23
][PROBLEM DOMAIN SAT
,   instance 11 
,     RUN 0, 	90.0	0.042	0.448	23
,     RUN 1, 	78.0	0.043	0.5	26
][PROBLEM DOMAIN SAT
,   instance 11 
,     RUN 0, 	90.0	0.042	0.448	23
,     RUN 1, 	78.0	0.043	0.5	26
,     RUN 2, 	77.0	0.043	0.39	31
][PROBLEM DOMAIN SAT
,   instance 11 
,     RUN 0, 	90.0	0.042	0.448	23
,     RUN 1, 	78.0	0.043	0.5	26
,     RUN 2, 	77.0	0.043	0.39	31
,     RUN 3, 	70.0	0.043	2.118	30
][PROBLEM DOMAIN SAT
,   instance 11 
,     RUN 0, 	90.0	0.042	0.448	23
,     RUN 1, 	78.0	0.043	0.5	26
,     RUN 2, 	77.0	0.043	0.39	31
,     RUN 3, 	70.0	0.043	2.118	30
,     RUN 4, 	96.0	0.043	3.268	30
][PROBLEM DOMAIN SAT
,   instance 11 
,     RUN 0, 	90.0	0.042	0.448	23
,     RUN 1, 	78.0	0.043	0.5	26
,     RUN 2, 	77.0	0.043	0.39	31
,     RUN 3, 	70.0	0.043	2.118	30
,     RUN 4, 	96.0	0.043	3.268	30
,     RUN 5, 	83.0	0.044	9.858	29
][PROBLEM DOMAIN SAT
,   instance 11 
,     RUN 0, 	90.0	0.042	0.448	23
,     RUN 1, 	78.0	0.043	0.5	26
,     RUN 2, 	77.0	0.043	0.39	31
,     RUN 3, 	70.0	0.043	2.118	30
,     RUN 4, 	96.0	0.043	3.268	30
,     RUN 5, 	83.0	0.044	9.858	29
,     RUN 6, 	91.0	0.044	6.61	28
][PROBLEM DOMAIN SAT
,   instance 11 
,     RUN 0, 	90.0	0.042	0.448	23
,     RUN 1, 	78.0	0.043	0.5	26
,     RUN 2, 	77.0	0.043	0.39	31
,     RUN 3, 	70.0	0.043	2.118	30
,     RUN 4, 	96.0	0.043	3.268	30
,     RUN 5, 	83.0	0.044	9.858	29
,     RUN 6, 	91.0	0.044	6.61	28
,     RUN 7, 	86.0	0.044	9.851	29
][PROBLEM DOMAIN SAT
,   instance 11 
,     RUN 0, 	90.0	0.042	0.448	23
,     RUN 1, 	78.0	0.043	0.5	26
,     RUN 2, 	77.0	0.043	0.39	31
,     RUN 3, 	70.0	0.043	2.118	30
,     RUN 4, 	96.0	0.043	3.268	30
,     RUN 5, 	83.0	0.044	9.858	29
,     RUN 6, 	91.0	0.044	6.61	28
,     RUN 7, 	86.0	0.044	9.851	29
,     RUN 8, 	90.0	0.044	4.476	30
][PROBLEM DOMAIN SAT
,   instance 11 
,     RUN 0, 	90.0	0.042	0.448	23
,     RUN 1, 	78.0	0.043	0.5	26
,     RUN 2, 	77.0	0.043	0.39	31
,     RUN 3, 	70.0	0.043	2.118	30
,     RUN 4, 	96.0	0.043	3.268	30
,     RUN 5, 	83.0	0.044	9.858	29
,     RUN 6, 	91.0	0.044	6.61	28
,     RUN 7, 	86.0	0.044	9.851	29
,     RUN 8, 	90.0	0.044	4.476	30
,     RUN 9, 	89.0	0.044	8.703	28
][PROBLEM DOMAIN SAT
,   instance 11 
,     RUN 0, 	90.0	0.042	0.448	23
,     RUN 1, 	78.0	0.043	0.5	26
,     RUN 2, 	77.0	0.043	0.39	31
,     RUN 3, 	70.0	0.043	2.118	30
,     RUN 4, 	96.0	0.043	3.268	30
,     RUN 5, 	83.0	0.044	9.858	29
,     RUN 6, 	91.0	0.044	6.61	28
,     RUN 7, 	86.0	0.044	9.851	29
,     RUN 8, 	90.0	0.044	4.476	30
,     RUN 9, 	89.0	0.044	8.703	28
,     RUN 10, 	91.0	0.045	11.308	27
][PROBLEM DOMAIN SAT
,   instance 11 
,     RUN 0, 	90.0	0.042	0.448	23
,     RUN 1, 	78.0	0.043	0.5	26
,     RUN 2, 	77.0	0.043	0.39	31
,     RUN 3, 	70.0	0.043	2.118	30
,     RUN 4, 	96.0	0.043	3.268	30
,     RUN 5, 	83.0	0.044	9.858	29
,     RUN 6, 	91.0	0.044	6.61	28
,     RUN 7, 	86.0	0.044	9.851	29
,     RUN 8, 	90.0	0.044	4.476	30
,     RUN 9, 	89.0	0.044	8.703	28
,     RUN 10, 	91.0	0.045	11.308	27
,     RUN 11, 	86.0	0.045	4.678	29
][PROBLEM DOMAIN SAT
,   instance 11 
,     RUN 0, 	90.0	0.042	0.448	23
,     RUN 1, 	78.0	0.043	0.5	26
,     RUN 2, 	77.0	0.043	0.39	31
,     RUN 3, 	70.0	0.043	2.118	30
,     RUN 4, 	96.0	0.043	3.268	30
,     RUN 5, 	83.0	0.044	9.858	29
,     RUN 6, 	91.0	0.044	6.61	28
,     RUN 7, 	86.0	0.044	9.851	29
,     RUN 8, 	90.0	0.044	4.476	30
,     RUN 9, 	89.0	0.044	8.703	28
,     RUN 10, 	91.0	0.045	11.308	27
,     RUN 11, 	86.0	0.045	4.678	29
,     RUN 12, 	88.0	0.045	6.444	28
][PROBLEM DOMAIN SAT
,   instance 11 
,     RUN 0, 	90.0	0.042	0.448	23
,     RUN 1, 	78.0	0.043	0.5	26
,     RUN 2, 	77.0	0.043	0.39	31
,     RUN 3, 	70.0	0.043	2.118	30
,     RUN 4, 	96.0	0.043	3.268	30
,     RUN 5, 	83.0	0.044	9.858	29
,     RUN 6, 	91.0	0.044	6.61	28
,     RUN 7, 	86.0	0.044	9.851	29
,     RUN 8, 	90.0	0.044	4.476	30
,     RUN 9, 	89.0	0.044	8.703	28
,     RUN 10, 	91.0	0.045	11.308	27
,     RUN 11, 	86.0	0.045	4.678	29
,     RUN 12, 	88.0	0.045	6.444	28
,     RUN 13, 	87.0	0.045	6.927	28
][PROBLEM DOMAIN SAT
,   instance 11 
,     RUN 0, 	90.0	0.042	0.448	23
,     RUN 1, 	78.0	0.043	0.5	26
,     RUN 2, 	77.0	0.043	0.39	31
,     RUN 3, 	70.0	0.043	2.118	30
,     RUN 4, 	96.0	0.043	3.268	30
,     RUN 5, 	83.0	0.044	9.858	29
,     RUN 6, 	91.0	0.044	6.61	28
,     RUN 7, 	86.0	0.044	9.851	29
,     RUN 8, 	90.0	0.044	4.476	30
,     RUN 9, 	89.0	0.044	8.703	28
,     RUN 10, 	91.0	0.045	11.308	27
,     RUN 11, 	86.0	0.045	4.678	29
,     RUN 12, 	88.0	0.045	6.444	28
,     RUN 13, 	87.0	0.045	6.927	28
,     RUN 14, 	92.0	0.045	8.049	28
][PROBLEM DOMAIN SAT
,   instance 11 
,     RUN 0, 	90.0	0.042	0.448	23
,     RUN 1, 	78.0	0.043	0.5	26
,     RUN 2, 	77.0	0.043	0.39	31
,     RUN 3, 	70.0	0.043	2.118	30
,     RUN 4, 	96.0	0.043	3.268	30
,     RUN 5, 	83.0	0.044	9.858	29
,     RUN 6, 	91.0	0.044	6.61	28
,     RUN 7, 	86.0	0.044	9.851	29
,     RUN 8, 	90.0	0.044	4.476	30
,     RUN 9, 	89.0	0.044	8.703	28
,     RUN 10, 	91.0	0.045	11.308	27
,     RUN 11, 	86.0	0.045	4.678	29
,     RUN 12, 	88.0	0.045	6.444	28
,     RUN 13, 	87.0	0.045	6.927	28
,     RUN 14, 	92.0	0.045	8.049	28
,     RUN 15, 	85.0	0.046	6.002	29
][PROBLEM DOMAIN SAT
,   instance 11 
,     RUN 0, 	90.0	0.042	0.448	23
,     RUN 1, 	78.0	0.043	0.5	26
,     RUN 2, 	77.0	0.043	0.39	31
,     RUN 3, 	70.0	0.043	2.118	30
,     RUN 4, 	96.0	0.043	3.268	30
,     RUN 5, 	83.0	0.044	9.858	29
,     RUN 6, 	91.0	0.044	6.61	28
,     RUN 7, 	86.0	0.044	9.851	29
,     RUN 8, 	90.0	0.044	4.476	30
,     RUN 9, 	89.0	0.044	8.703	28
,     RUN 10, 	91.0	0.045	11.308	27
,     RUN 11, 	86.0	0.045	4.678	29
,     RUN 12, 	88.0	0.045	6.444	28
,     RUN 13, 	87.0	0.045	6.927	28
,     RUN 14, 	92.0	0.045	8.049	28
,     RUN 15, 	85.0	0.046	6.002	29
,     RUN 16, 	78.0	0.046	8.072	28
][PROBLEM DOMAIN SAT
,   instance 11 
,     RUN 0, 	90.0	0.042	0.448	23
,     RUN 1, 	78.0	0.043	0.5	26
,     RUN 2, 	77.0	0.043	0.39	31
,     RUN 3, 	70.0	0.043	2.118	30
,     RUN 4, 	96.0	0.043	3.268	30
,     RUN 5, 	83.0	0.044	9.858	29
,     RUN 6, 	91.0	0.044	6.61	28
,     RUN 7, 	86.0	0.044	9.851	29
,     RUN 8, 	90.0	0.044	4.476	30
,     RUN 9, 	89.0	0.044	8.703	28
,     RUN 10, 	91.0	0.045	11.308	27
,     RUN 11, 	86.0	0.045	4.678	29
,     RUN 12, 	88.0	0.045	6.444	28
,     RUN 13, 	87.0	0.045	6.927	28
,     RUN 14, 	92.0	0.045	8.049	28
,     RUN 15, 	85.0	0.046	6.002	29
,     RUN 16, 	78.0	0.046	8.072	28
,     RUN 17, 	74.0	0.046	5.737	29
][PROBLEM DOMAIN SAT
,   instance 11 
,     RUN 0, 	90.0	0.042	0.448	23
,     RUN 1, 	78.0	0.043	0.5	26
,     RUN 2, 	77.0	0.043	0.39	31
,     RUN 3, 	70.0	0.043	2.118	30
,     RUN 4, 	96.0	0.043	3.268	30
,     RUN 5, 	83.0	0.044	9.858	29
,     RUN 6, 	91.0	0.044	6.61	28
,     RUN 7, 	86.0	0.044	9.851	29
,     RUN 8, 	90.0	0.044	4.476	30
,     RUN 9, 	89.0	0.044	8.703	28
,     RUN 10, 	91.0	0.045	11.308	27
,     RUN 11, 	86.0	0.045	4.678	29
,     RUN 12, 	88.0	0.045	6.444	28
,     RUN 13, 	87.0	0.045	6.927	28
,     RUN 14, 	92.0	0.045	8.049	28
,     RUN 15, 	85.0	0.046	6.002	29
,     RUN 16, 	78.0	0.046	8.072	28
,     RUN 17, 	74.0	0.046	5.737	29
,     RUN 18, 	87.0	0.046	4.348	28
][PROBLEM DOMAIN SAT
,   instance 11 
,     RUN 0, 	90.0	0.042	0.448	23
,     RUN 1, 	78.0	0.043	0.5	26
,     RUN 2, 	77.0	0.043	0.39	31
,     RUN 3, 	70.0	0.043	2.118	30
,     RUN 4, 	96.0	0.043	3.268	30
,     RUN 5, 	83.0	0.044	9.858	29
,     RUN 6, 	91.0	0.044	6.61	28
,     RUN 7, 	86.0	0.044	9.851	29
,     RUN 8, 	90.0	0.044	4.476	30
,     RUN 9, 	89.0	0.044	8.703	28
,     RUN 10, 	91.0	0.045	11.308	27
,     RUN 11, 	86.0	0.045	4.678	29
,     RUN 12, 	88.0	0.045	6.444	28
,     RUN 13, 	87.0	0.045	6.927	28
,     RUN 14, 	92.0	0.045	8.049	28
,     RUN 15, 	85.0	0.046	6.002	29
,     RUN 16, 	78.0	0.046	8.072	28
,     RUN 17, 	74.0	0.046	5.737	29
,     RUN 18, 	87.0	0.046	4.348	28
,     RUN 19, 	88.0	0.046	8.714	28
][PROBLEM DOMAIN SAT
,   instance 11 
,     RUN 0, 	90.0	0.042	0.448	23
,     RUN 1, 	78.0	0.043	0.5	26
,     RUN 2, 	77.0	0.043	0.39	31
,     RUN 3, 	70.0	0.043	2.118	30
,     RUN 4, 	96.0	0.043	3.268	30
,     RUN 5, 	83.0	0.044	9.858	29
,     RUN 6, 	91.0	0.044	6.61	28
,     RUN 7, 	86.0	0.044	9.851	29
,     RUN 8, 	90.0	0.044	4.476	30
,     RUN 9, 	89.0	0.044	8.703	28
,     RUN 10, 	91.0	0.045	11.308	27
,     RUN 11, 	86.0	0.045	4.678	29
,     RUN 12, 	88.0	0.045	6.444	28
,     RUN 13, 	87.0	0.045	6.927	28
,     RUN 14, 	92.0	0.045	8.049	28
,     RUN 15, 	85.0	0.046	6.002	29
,     RUN 16, 	78.0	0.046	8.072	28
,     RUN 17, 	74.0	0.046	5.737	29
,     RUN 18, 	87.0	0.046	4.348	28
,     RUN 19, 	88.0	0.046	8.714	28
,     RUN 20, 	79.0	0.047	6.336	28
][PROBLEM DOMAIN SAT
,   instance 11 
,     RUN 0, 	90.0	0.042	0.448	23
,     RUN 1, 	78.0	0.043	0.5	26
,     RUN 2, 	77.0	0.043	0.39	31
,     RUN 3, 	70.0	0.043	2.118	30
,     RUN 4, 	96.0	0.043	3.268	30
,     RUN 5, 	83.0	0.044	9.858	29
,     RUN 6, 	91.0	0.044	6.61	28
,     RUN 7, 	86.0	0.044	9.851	29
,     RUN 8, 	90.0	0.044	4.476	30
,     RUN 9, 	89.0	0.044	8.703	28
,     RUN 10, 	91.0	0.045	11.308	27
,     RUN 11, 	86.0	0.045	4.678	29
,     RUN 12, 	88.0	0.045	6.444	28
,     RUN 13, 	87.0	0.045	6.927	28
,     RUN 14, 	92.0	0.045	8.049	28
,     RUN 15, 	85.0	0.046	6.002	29
,     RUN 16, 	78.0	0.046	8.072	28
,     RUN 17, 	74.0	0.046	5.737	29
,     RUN 18, 	87.0	0.046	4.348	28
,     RUN 19, 	88.0	0.046	8.714	28
,     RUN 20, 	79.0	0.047	6.336	28
,     RUN 21, 	93.0	0.047	2.169	28
][PROBLEM DOMAIN SAT
,   instance 11 
,     RUN 0, 	90.0	0.042	0.448	23
,     RUN 1, 	78.0	0.043	0.5	26
,     RUN 2, 	77.0	0.043	0.39	31
,     RUN 3, 	70.0	0.043	2.118	30
,     RUN 4, 	96.0	0.043	3.268	30
,     RUN 5, 	83.0	0.044	9.858	29
,     RUN 6, 	91.0	0.044	6.61	28
,     RUN 7, 	86.0	0.044	9.851	29
,     RUN 8, 	90.0	0.044	4.476	30
,     RUN 9, 	89.0	0.044	8.703	28
,     RUN 10, 	91.0	0.045	11.308	27
,     RUN 11, 	86.0	0.045	4.678	29
,     RUN 12, 	88.0	0.045	6.444	28
,     RUN 13, 	87.0	0.045	6.927	28
,     RUN 14, 	92.0	0.045	8.049	28
,     RUN 15, 	85.0	0.046	6.002	29
,     RUN 16, 	78.0	0.046	8.072	28
,     RUN 17, 	74.0	0.046	5.737	29
,     RUN 18, 	87.0	0.046	4.348	28
,     RUN 19, 	88.0	0.046	8.714	28
,     RUN 20, 	79.0	0.047	6.336	28
,     RUN 21, 	93.0	0.047	2.169	28
,     RUN 22, 	77.0	0.047	3.127	28
][PROBLEM DOMAIN SAT
,   instance 11 
,     RUN 0, 	90.0	0.042	0.448	23
,     RUN 1, 	78.0	0.043	0.5	26
,     RUN 2, 	77.0	0.043	0.39	31
,     RUN 3, 	70.0	0.043	2.118	30
,     RUN 4, 	96.0	0.043	3.268	30
,     RUN 5, 	83.0	0.044	9.858	29
,     RUN 6, 	91.0	0.044	6.61	28
,     RUN 7, 	86.0	0.044	9.851	29
,     RUN 8, 	90.0	0.044	4.476	30
,     RUN 9, 	89.0	0.044	8.703	28
,     RUN 10, 	91.0	0.045	11.308	27
,     RUN 11, 	86.0	0.045	4.678	29
,     RUN 12, 	88.0	0.045	6.444	28
,     RUN 13, 	87.0	0.045	6.927	28
,     RUN 14, 	92.0	0.045	8.049	28
,     RUN 15, 	85.0	0.046	6.002	29
,     RUN 16, 	78.0	0.046	8.072	28
,     RUN 17, 	74.0	0.046	5.737	29
,     RUN 18, 	87.0	0.046	4.348	28
,     RUN 19, 	88.0	0.046	8.714	28
,     RUN 20, 	79.0	0.047	6.336	28
,     RUN 21, 	93.0	0.047	2.169	28
,     RUN 22, 	77.0	0.047	3.127	28
,     RUN 23, 	78.0	0.048	7.672	26
][PROBLEM DOMAIN SAT
,   instance 11 
,     RUN 0, 	90.0	0.042	0.448	23
,     RUN 1, 	78.0	0.043	0.5	26
,     RUN 2, 	77.0	0.043	0.39	31
,     RUN 3, 	70.0	0.043	2.118	30
,     RUN 4, 	96.0	0.043	3.268	30
,     RUN 5, 	83.0	0.044	9.858	29
,     RUN 6, 	91.0	0.044	6.61	28
,     RUN 7, 	86.0	0.044	9.851	29
,     RUN 8, 	90.0	0.044	4.476	30
,     RUN 9, 	89.0	0.044	8.703	28
,     RUN 10, 	91.0	0.045	11.308	27
,     RUN 11, 	86.0	0.045	4.678	29
,     RUN 12, 	88.0	0.045	6.444	28
,     RUN 13, 	87.0	0.045	6.927	28
,     RUN 14, 	92.0	0.045	8.049	28
,     RUN 15, 	85.0	0.046	6.002	29
,     RUN 16, 	78.0	0.046	8.072	28
,     RUN 17, 	74.0	0.046	5.737	29
,     RUN 18, 	87.0	0.046	4.348	28
,     RUN 19, 	88.0	0.046	8.714	28
,     RUN 20, 	79.0	0.047	6.336	28
,     RUN 21, 	93.0	0.047	2.169	28
,     RUN 22, 	77.0	0.047	3.127	28
,     RUN 23, 	78.0	0.048	7.672	26
,     RUN 24, 	75.0	0.048	5.467	27
][PROBLEM DOMAIN SAT
,   instance 11 
,     RUN 0, 	90.0	0.042	0.448	23
,     RUN 1, 	78.0	0.043	0.5	26
,     RUN 2, 	77.0	0.043	0.39	31
,     RUN 3, 	70.0	0.043	2.118	30
,     RUN 4, 	96.0	0.043	3.268	30
,     RUN 5, 	83.0	0.044	9.858	29
,     RUN 6, 	91.0	0.044	6.61	28
,     RUN 7, 	86.0	0.044	9.851	29
,     RUN 8, 	90.0	0.044	4.476	30
,     RUN 9, 	89.0	0.044	8.703	28
,     RUN 10, 	91.0	0.045	11.308	27
,     RUN 11, 	86.0	0.045	4.678	29
,     RUN 12, 	88.0	0.045	6.444	28
,     RUN 13, 	87.0	0.045	6.927	28
,     RUN 14, 	92.0	0.045	8.049	28
,     RUN 15, 	85.0	0.046	6.002	29
,     RUN 16, 	78.0	0.046	8.072	28
,     RUN 17, 	74.0	0.046	5.737	29
,     RUN 18, 	87.0	0.046	4.348	28
,     RUN 19, 	88.0	0.046	8.714	28
,     RUN 20, 	79.0	0.047	6.336	28
,     RUN 21, 	93.0	0.047	2.169	28
,     RUN 22, 	77.0	0.047	3.127	28
,     RUN 23, 	78.0	0.048	7.672	26
,     RUN 24, 	75.0	0.048	5.467	27
,     RUN 25, 	85.0	0.048	5.984	27
][PROBLEM DOMAIN SAT
,   instance 11 
,     RUN 0, 	90.0	0.042	0.448	23
,     RUN 1, 	78.0	0.043	0.5	26
,     RUN 2, 	77.0	0.043	0.39	31
,     RUN 3, 	70.0	0.043	2.118	30
,     RUN 4, 	96.0	0.043	3.268	30
,     RUN 5, 	83.0	0.044	9.858	29
,     RUN 6, 	91.0	0.044	6.61	28
,     RUN 7, 	86.0	0.044	9.851	29
,     RUN 8, 	90.0	0.044	4.476	30
,     RUN 9, 	89.0	0.044	8.703	28
,     RUN 10, 	91.0	0.045	11.308	27
,     RUN 11, 	86.0	0.045	4.678	29
,     RUN 12, 	88.0	0.045	6.444	28
,     RUN 13, 	87.0	0.045	6.927	28
,     RUN 14, 	92.0	0.045	8.049	28
,     RUN 15, 	85.0	0.046	6.002	29
,     RUN 16, 	78.0	0.046	8.072	28
,     RUN 17, 	74.0	0.046	5.737	29
,     RUN 18, 	87.0	0.046	4.348	28
,     RUN 19, 	88.0	0.046	8.714	28
,     RUN 20, 	79.0	0.047	6.336	28
,     RUN 21, 	93.0	0.047	2.169	28
,     RUN 22, 	77.0	0.047	3.127	28
,     RUN 23, 	78.0	0.048	7.672	26
,     RUN 24, 	75.0	0.048	5.467	27
,     RUN 25, 	85.0	0.048	5.984	27
,     RUN 26, 	90.0	0.048	5.628	28
][PROBLEM DOMAIN SAT
,   instance 11 
,     RUN 0, 	90.0	0.042	0.448	23
,     RUN 1, 	78.0	0.043	0.5	26
,     RUN 2, 	77.0	0.043	0.39	31
,     RUN 3, 	70.0	0.043	2.118	30
,     RUN 4, 	96.0	0.043	3.268	30
,     RUN 5, 	83.0	0.044	9.858	29
,     RUN 6, 	91.0	0.044	6.61	28
,     RUN 7, 	86.0	0.044	9.851	29
,     RUN 8, 	90.0	0.044	4.476	30
,     RUN 9, 	89.0	0.044	8.703	28
,     RUN 10, 	91.0	0.045	11.308	27
,     RUN 11, 	86.0	0.045	4.678	29
,     RUN 12, 	88.0	0.045	6.444	28
,     RUN 13, 	87.0	0.045	6.927	28
,     RUN 14, 	92.0	0.045	8.049	28
,     RUN 15, 	85.0	0.046	6.002	29
,     RUN 16, 	78.0	0.046	8.072	28
,     RUN 17, 	74.0	0.046	5.737	29
,     RUN 18, 	87.0	0.046	4.348	28
,     RUN 19, 	88.0	0.046	8.714	28
,     RUN 20, 	79.0	0.047	6.336	28
,     RUN 21, 	93.0	0.047	2.169	28
,     RUN 22, 	77.0	0.047	3.127	28
,     RUN 23, 	78.0	0.048	7.672	26
,     RUN 24, 	75.0	0.048	5.467	27
,     RUN 25, 	85.0	0.048	5.984	27
,     RUN 26, 	90.0	0.048	5.628	28
,     RUN 27, 	74.0	0.048	7.755	28
][PROBLEM DOMAIN SAT
,   instance 11 
,     RUN 0, 	90.0	0.042	0.448	23
,     RUN 1, 	78.0	0.043	0.5	26
,     RUN 2, 	77.0	0.043	0.39	31
,     RUN 3, 	70.0	0.043	2.118	30
,     RUN 4, 	96.0	0.043	3.268	30
,     RUN 5, 	83.0	0.044	9.858	29
,     RUN 6, 	91.0	0.044	6.61	28
,     RUN 7, 	86.0	0.044	9.851	29
,     RUN 8, 	90.0	0.044	4.476	30
,     RUN 9, 	89.0	0.044	8.703	28
,     RUN 10, 	91.0	0.045	11.308	27
,     RUN 11, 	86.0	0.045	4.678	29
,     RUN 12, 	88.0	0.045	6.444	28
,     RUN 13, 	87.0	0.045	6.927	28
,     RUN 14, 	92.0	0.045	8.049	28
,     RUN 15, 	85.0	0.046	6.002	29
,     RUN 16, 	78.0	0.046	8.072	28
,     RUN 17, 	74.0	0.046	5.737	29
,     RUN 18, 	87.0	0.046	4.348	28
,     RUN 19, 	88.0	0.046	8.714	28
,     RUN 20, 	79.0	0.047	6.336	28
,     RUN 21, 	93.0	0.047	2.169	28
,     RUN 22, 	77.0	0.047	3.127	28
,     RUN 23, 	78.0	0.048	7.672	26
,     RUN 24, 	75.0	0.048	5.467	27
,     RUN 25, 	85.0	0.048	5.984	27
,     RUN 26, 	90.0	0.048	5.628	28
,     RUN 27, 	74.0	0.048	7.755	28
,     RUN 28, 	83.0	0.049	6.576	27
][PROBLEM DOMAIN SAT
,   instance 11 
,     RUN 0, 	90.0	0.042	0.448	23
,     RUN 1, 	78.0	0.043	0.5	26
,     RUN 2, 	77.0	0.043	0.39	31
,     RUN 3, 	70.0	0.043	2.118	30
,     RUN 4, 	96.0	0.043	3.268	30
,     RUN 5, 	83.0	0.044	9.858	29
,     RUN 6, 	91.0	0.044	6.61	28
,     RUN 7, 	86.0	0.044	9.851	29
,     RUN 8, 	90.0	0.044	4.476	30
,     RUN 9, 	89.0	0.044	8.703	28
,     RUN 10, 	91.0	0.045	11.308	27
,     RUN 11, 	86.0	0.045	4.678	29
,     RUN 12, 	88.0	0.045	6.444	28
,     RUN 13, 	87.0	0.045	6.927	28
,     RUN 14, 	92.0	0.045	8.049	28
,     RUN 15, 	85.0	0.046	6.002	29
,     RUN 16, 	78.0	0.046	8.072	28
,     RUN 17, 	74.0	0.046	5.737	29
,     RUN 18, 	87.0	0.046	4.348	28
,     RUN 19, 	88.0	0.046	8.714	28
,     RUN 20, 	79.0	0.047	6.336	28
,     RUN 21, 	93.0	0.047	2.169	28
,     RUN 22, 	77.0	0.047	3.127	28
,     RUN 23, 	78.0	0.048	7.672	26
,     RUN 24, 	75.0	0.048	5.467	27
,     RUN 25, 	85.0	0.048	5.984	27
,     RUN 26, 	90.0	0.048	5.628	28
,     RUN 27, 	74.0	0.048	7.755	28
,     RUN 28, 	83.0	0.049	6.576	27
,     RUN 29, 	91.0	0.049	5.061	28
][PROBLEM DOMAIN SAT
,   instance 11 
,     RUN 0, 	90.0	0.042	0.448	23
,     RUN 1, 	78.0	0.043	0.5	26
,     RUN 2, 	77.0	0.043	0.39	31
,     RUN 3, 	70.0	0.043	2.118	30
,     RUN 4, 	96.0	0.043	3.268	30
,     RUN 5, 	83.0	0.044	9.858	29
,     RUN 6, 	91.0	0.044	6.61	28
,     RUN 7, 	86.0	0.044	9.851	29
,     RUN 8, 	90.0	0.044	4.476	30
,     RUN 9, 	89.0	0.044	8.703	28
,     RUN 10, 	91.0	0.045	11.308	27
,     RUN 11, 	86.0	0.045	4.678	29
,     RUN 12, 	88.0	0.045	6.444	28
,     RUN 13, 	87.0	0.045	6.927	28
,     RUN 14, 	92.0	0.045	8.049	28
,     RUN 15, 	85.0	0.046	6.002	29
,     RUN 16, 	78.0	0.046	8.072	28
,     RUN 17, 	74.0	0.046	5.737	29
,     RUN 18, 	87.0	0.046	4.348	28
,     RUN 19, 	88.0	0.046	8.714	28
,     RUN 20, 	79.0	0.047	6.336	28
,     RUN 21, 	93.0	0.047	2.169	28
,     RUN 22, 	77.0	0.047	3.127	28
,     RUN 23, 	78.0	0.048	7.672	26
,     RUN 24, 	75.0	0.048	5.467	27
,     RUN 25, 	85.0	0.048	5.984	27
,     RUN 26, 	90.0	0.048	5.628	28
,     RUN 27, 	74.0	0.048	7.755	28
,     RUN 28, 	83.0	0.049	6.576	27
,     RUN 29, 	91.0	0.049	5.061	28
,     RUN 30, 	80.0	0.049	4.457	26
]