[PROBLEM DOMAIN PersonnelScheduling
,   instance 10 
,     RUN 0, 	67549.0	7.612	1.764	0
,     RUN 1, 	67788.0	7.613	3.278	0
,     RUN 2, 	78176.0	7.613	2.988	0
,     RUN 3, 	58366.0	7.613	0.926	0
,     RUN 4, 	79817.0	7.613	1.215	0
,     RUN 5, 	56190.0	7.614	1.129	0
,     RUN 6, 	49320.0	7.614	1.172	0
,     RUN 7, 	73038.0	7.614	0.894	0
,     RUN 8, 	79603.0	7.614	1.339	0
,     RUN 9, 	62740.0	7.614	1.346	0
,     RUN 10, 	83766.0	7.614	0.603	0
,     RUN 11, 	68240.0	7.614	0.438	0
,     RUN 12, 	71210.0	7.614	0.823	0
,     RUN 13, 	97781.0	7.614	0.307	0
,     RUN 14, 	68487.0	7.615	0.498	0
,     RUN 15, 	57512.0	7.615	0.469	0
,     RUN 16, 	58121.0	7.615	0.492	0
,     RUN 17, 	67823.0	7.615	0.465	0
,     RUN 18, 	65382.0	7.615	0.331	0
,     RUN 19, 	53477.0	7.615	0.195	0
,     RUN 20, 	72375.0	7.615	0.425	0
,     RUN 21, 	61760.0	7.616	0.552	0
,     RUN 22, 	77256.0	7.616	0.356	0
,     RUN 23, 	48330.0	7.616	0.153	0
,     RUN 24, 	70522.0	7.616	0.234	0
,     RUN 25, 	58560.0	7.616	0.334	0
,     RUN 26, 	57456.0	7.616	0.239	0
,     RUN 27, 	79259.0	7.616	0.327	0
,     RUN 28, 	77170.0	7.616	0.153	0
,     RUN 29, 	64785.0	7.617	0.345	0
,     RUN 30, 	52424.0	7.617	0.173	0
]