[PROBLEM DOMAIN PersonnelScheduling
,   instance 11 
,     RUN 0, 	241230.0	2.039	3.18	2
,     RUN 1, 	229280.0	2.04	1.71	2
,     RUN 2, 	232563.0	2.04	1.915	2
,     RUN 3, 	230302.0	2.041	1.815	2
,     RUN 4, 	234340.0	2.041	4.26	2
,     RUN 5, 	208741.0	2.041	3.504	2
,     RUN 6, 	219842.0	2.041	2.601	3
,     RUN 7, 	212827.0	2.042	3.373	3
,     RUN 8, 	223546.0	2.042	3.907	2
,     RUN 9, 	238473.0	2.042	3.237	2
,     RUN 10, 	211773.0	2.042	1.476	2
,     RUN 11, 	230115.0	2.042	3.163	2
,     RUN 12, 	238560.0	2.043	1.48	2
,     RUN 13, 	249482.0	2.043	0.726	2
,     RUN 14, 	232421.0	2.043	2.276	2
,     RUN 15, 	198160.0	2.044	0.341	2
,     RUN 16, 	204266.0	2.044	2.583	2
,     RUN 17, 	225641.0	2.044	2.556	2
,     RUN 18, 	223445.0	2.044	2.018	2
,     RUN 19, 	212501.0	2.044	0.97	2
,     RUN 20, 	208480.0	2.045	2.012	2
,     RUN 21, 	208687.0	2.045	1.752	2
,     RUN 22, 	236092.0	2.045	1.413	2
,     RUN 23, 	212531.0	2.045	0.97	2
,     RUN 24, 	214692.0	2.045	0.986	2
,     RUN 25, 	221406.0	2.046	0.523	2
,     RUN 26, 	240685.0	2.046	1.073	2
,     RUN 27, 	204021.0	2.046	0.419	2
,     RUN 28, 	211366.0	2.046	0.347	2
,     RUN 29, 	194760.0	2.046	0.941	2
,     RUN 30, 	238422.0	2.046	1.419	2
]