8226.405922214608 
8281.693177327985 
8292.814584550792 
8120.053795031106 
8400.336511380889 
8262.434751033674 
8114.644181372443 
8297.350694918989 
8221.993787620015 
8591.686046006493 
8347.962324243437 
8245.073399814242 
8280.132677845611 
8107.342979495796 
8402.270862407082 
8441.545482981053 
8160.918983630936 
8320.199064136787 
8223.893318840674 
8439.490761021152 
8297.350694918989 
8215.620246037219 
8425.51604619123 
8208.291394110724 
8286.316586734663 
8300.781210341802 
8245.82779870767 
8305.27437653431 
8262.423185059408 
8021.779488390613 
8206.919803405082 
