60376.83859377319 
61345.509023002036 
63812.38363940965 
59965.96182532821 
63237.74672568975 
60057.63717145179 
61188.24740476075 
62541.71704064443 
64228.447367638735 
59728.42247512255 
64471.12374946914 
62363.187337761585 
63428.17208043901 
61205.60980159057 
59904.53203359049 
61095.52889528747 
60104.74540526551 
61171.531557981776 
63547.70342418576 
61491.12906256205 
61291.49191961029 
60877.308912273154 
61245.6100005561 
65198.20650260593 
61067.98056044798 
62212.89429769567 
60771.1785899917 
63487.338780268445 
60592.9684353945 
60612.4769944274 
62112.06483618719 
