[PROBLEM DOMAIN TSP
,   instance 6 
,     RUN 0, 	60376.83859377319	0.115	0.406	0
][PROBLEM DOMAIN TSP
,   instance 6 
,     RUN 0, 	60376.83859377319	0.115	0.406	0
,     RUN 1, 	61345.509023002036	0.116	19.958	5816
][PROBLEM DOMAIN TSP
,   instance 6 
,     RUN 0, 	60376.83859377319	0.115	0.406	0
,     RUN 1, 	61345.509023002036	0.116	19.958	5816
,     RUN 2, 	63812.38363940965	0.116	20.109	5974
][PROBLEM DOMAIN TSP
,   instance 6 
,     RUN 0, 	60376.83859377319	0.115	0.406	0
,     RUN 1, 	61345.509023002036	0.116	19.958	5816
,     RUN 2, 	63812.38363940965	0.116	20.109	5974
,     RUN 3, 	59965.96182532821	0.116	17.905	6143
][PROBLEM DOMAIN TSP
,   instance 6 
,     RUN 0, 	60376.83859377319	0.115	0.406	0
,     RUN 1, 	61345.509023002036	0.116	19.958	5816
,     RUN 2, 	63812.38363940965	0.116	20.109	5974
,     RUN 3, 	59965.96182532821	0.116	17.905	6143
,     RUN 4, 	63237.74672568975	0.117	20.525	6553
][PROBLEM DOMAIN TSP
,   instance 6 
,     RUN 0, 	60376.83859377319	0.115	0.406	0
,     RUN 1, 	61345.509023002036	0.116	19.958	5816
,     RUN 2, 	63812.38363940965	0.116	20.109	5974
,     RUN 3, 	59965.96182532821	0.116	17.905	6143
,     RUN 4, 	63237.74672568975	0.117	20.525	6553
,     RUN 5, 	60057.63717145179	0.117	16.325	6644
][PROBLEM DOMAIN TSP
,   instance 6 
,     RUN 0, 	60376.83859377319	0.115	0.406	0
,     RUN 1, 	61345.509023002036	0.116	19.958	5816
,     RUN 2, 	63812.38363940965	0.116	20.109	5974
,     RUN 3, 	59965.96182532821	0.116	17.905	6143
,     RUN 4, 	63237.74672568975	0.117	20.525	6553
,     RUN 5, 	60057.63717145179	0.117	16.325	6644
,     RUN 6, 	61188.24740476075	0.117	22.125	5699
][PROBLEM DOMAIN TSP
,   instance 6 
,     RUN 0, 	60376.83859377319	0.115	0.406	0
,     RUN 1, 	61345.509023002036	0.116	19.958	5816
,     RUN 2, 	63812.38363940965	0.116	20.109	5974
,     RUN 3, 	59965.96182532821	0.116	17.905	6143
,     RUN 4, 	63237.74672568975	0.117	20.525	6553
,     RUN 5, 	60057.63717145179	0.117	16.325	6644
,     RUN 6, 	61188.24740476075	0.117	22.125	5699
,     RUN 7, 	62541.71704064443	0.117	19.903	6391
][PROBLEM DOMAIN TSP
,   instance 6 
,     RUN 0, 	60376.83859377319	0.115	0.406	0
,     RUN 1, 	61345.509023002036	0.116	19.958	5816
,     RUN 2, 	63812.38363940965	0.116	20.109	5974
,     RUN 3, 	59965.96182532821	0.116	17.905	6143
,     RUN 4, 	63237.74672568975	0.117	20.525	6553
,     RUN 5, 	60057.63717145179	0.117	16.325	6644
,     RUN 6, 	61188.24740476075	0.117	22.125	5699
,     RUN 7, 	62541.71704064443	0.117	19.903	6391
,     RUN 8, 	64228.447367638735	0.117	18.865	6199
][PROBLEM DOMAIN TSP
,   instance 6 
,     RUN 0, 	60376.83859377319	0.115	0.406	0
,     RUN 1, 	61345.509023002036	0.116	19.958	5816
,     RUN 2, 	63812.38363940965	0.116	20.109	5974
,     RUN 3, 	59965.96182532821	0.116	17.905	6143
,     RUN 4, 	63237.74672568975	0.117	20.525	6553
,     RUN 5, 	60057.63717145179	0.117	16.325	6644
,     RUN 6, 	61188.24740476075	0.117	22.125	5699
,     RUN 7, 	62541.71704064443	0.117	19.903	6391
,     RUN 8, 	64228.447367638735	0.117	18.865	6199
,     RUN 9, 	59728.42247512255	0.117	19.466	5671
][PROBLEM DOMAIN TSP
,   instance 6 
,     RUN 0, 	60376.83859377319	0.115	0.406	0
,     RUN 1, 	61345.509023002036	0.116	19.958	5816
,     RUN 2, 	63812.38363940965	0.116	20.109	5974
,     RUN 3, 	59965.96182532821	0.116	17.905	6143
,     RUN 4, 	63237.74672568975	0.117	20.525	6553
,     RUN 5, 	60057.63717145179	0.117	16.325	6644
,     RUN 6, 	61188.24740476075	0.117	22.125	5699
,     RUN 7, 	62541.71704064443	0.117	19.903	6391
,     RUN 8, 	64228.447367638735	0.117	18.865	6199
,     RUN 9, 	59728.42247512255	0.117	19.466	5671
,     RUN 10, 	64471.12374946914	0.118	15.875	6299
][PROBLEM DOMAIN TSP
,   instance 6 
,     RUN 0, 	60376.83859377319	0.115	0.406	0
,     RUN 1, 	61345.509023002036	0.116	19.958	5816
,     RUN 2, 	63812.38363940965	0.116	20.109	5974
,     RUN 3, 	59965.96182532821	0.116	17.905	6143
,     RUN 4, 	63237.74672568975	0.117	20.525	6553
,     RUN 5, 	60057.63717145179	0.117	16.325	6644
,     RUN 6, 	61188.24740476075	0.117	22.125	5699
,     RUN 7, 	62541.71704064443	0.117	19.903	6391
,     RUN 8, 	64228.447367638735	0.117	18.865	6199
,     RUN 9, 	59728.42247512255	0.117	19.466	5671
,     RUN 10, 	64471.12374946914	0.118	15.875	6299
,     RUN 11, 	62363.187337761585	0.118	15.918	6012
][PROBLEM DOMAIN TSP
,   instance 6 
,     RUN 0, 	60376.83859377319	0.115	0.406	0
,     RUN 1, 	61345.509023002036	0.116	19.958	5816
,     RUN 2, 	63812.38363940965	0.116	20.109	5974
,     RUN 3, 	59965.96182532821	0.116	17.905	6143
,     RUN 4, 	63237.74672568975	0.117	20.525	6553
,     RUN 5, 	60057.63717145179	0.117	16.325	6644
,     RUN 6, 	61188.24740476075	0.117	22.125	5699
,     RUN 7, 	62541.71704064443	0.117	19.903	6391
,     RUN 8, 	64228.447367638735	0.117	18.865	6199
,     RUN 9, 	59728.42247512255	0.117	19.466	5671
,     RUN 10, 	64471.12374946914	0.118	15.875	6299
,     RUN 11, 	62363.187337761585	0.118	15.918	6012
,     RUN 12, 	63428.17208043901	0.118	17.591	6065
][PROBLEM DOMAIN TSP
,   instance 6 
,     RUN 0, 	60376.83859377319	0.115	0.406	0
,     RUN 1, 	61345.509023002036	0.116	19.958	5816
,     RUN 2, 	63812.38363940965	0.116	20.109	5974
,     RUN 3, 	59965.96182532821	0.116	17.905	6143
,     RUN 4, 	63237.74672568975	0.117	20.525	6553
,     RUN 5, 	60057.63717145179	0.117	16.325	6644
,     RUN 6, 	61188.24740476075	0.117	22.125	5699
,     RUN 7, 	62541.71704064443	0.117	19.903	6391
,     RUN 8, 	64228.447367638735	0.117	18.865	6199
,     RUN 9, 	59728.42247512255	0.117	19.466	5671
,     RUN 10, 	64471.12374946914	0.118	15.875	6299
,     RUN 11, 	62363.187337761585	0.118	15.918	6012
,     RUN 12, 	63428.17208043901	0.118	17.591	6065
,     RUN 13, 	61205.60980159057	0.118	17.465	5850
][PROBLEM DOMAIN TSP
,   instance 6 
,     RUN 0, 	60376.83859377319	0.115	0.406	0
,     RUN 1, 	61345.509023002036	0.116	19.958	5816
,     RUN 2, 	63812.38363940965	0.116	20.109	5974
,     RUN 3, 	59965.96182532821	0.116	17.905	6143
,     RUN 4, 	63237.74672568975	0.117	20.525	6553
,     RUN 5, 	60057.63717145179	0.117	16.325	6644
,     RUN 6, 	61188.24740476075	0.117	22.125	5699
,     RUN 7, 	62541.71704064443	0.117	19.903	6391
,     RUN 8, 	64228.447367638735	0.117	18.865	6199
,     RUN 9, 	59728.42247512255	0.117	19.466	5671
,     RUN 10, 	64471.12374946914	0.118	15.875	6299
,     RUN 11, 	62363.187337761585	0.118	15.918	6012
,     RUN 12, 	63428.17208043901	0.118	17.591	6065
,     RUN 13, 	61205.60980159057	0.118	17.465	5850
,     RUN 14, 	59904.53203359049	0.118	10.507	6637
][PROBLEM DOMAIN TSP
,   instance 6 
,     RUN 0, 	60376.83859377319	0.115	0.406	0
,     RUN 1, 	61345.509023002036	0.116	19.958	5816
,     RUN 2, 	63812.38363940965	0.116	20.109	5974
,     RUN 3, 	59965.96182532821	0.116	17.905	6143
,     RUN 4, 	63237.74672568975	0.117	20.525	6553
,     RUN 5, 	60057.63717145179	0.117	16.325	6644
,     RUN 6, 	61188.24740476075	0.117	22.125	5699
,     RUN 7, 	62541.71704064443	0.117	19.903	6391
,     RUN 8, 	64228.447367638735	0.117	18.865	6199
,     RUN 9, 	59728.42247512255	0.117	19.466	5671
,     RUN 10, 	64471.12374946914	0.118	15.875	6299
,     RUN 11, 	62363.187337761585	0.118	15.918	6012
,     RUN 12, 	63428.17208043901	0.118	17.591	6065
,     RUN 13, 	61205.60980159057	0.118	17.465	5850
,     RUN 14, 	59904.53203359049	0.118	10.507	6637
,     RUN 15, 	61095.52889528747	0.118	17.294	6033
][PROBLEM DOMAIN TSP
,   instance 6 
,     RUN 0, 	60376.83859377319	0.115	0.406	0
,     RUN 1, 	61345.509023002036	0.116	19.958	5816
,     RUN 2, 	63812.38363940965	0.116	20.109	5974
,     RUN 3, 	59965.96182532821	0.116	17.905	6143
,     RUN 4, 	63237.74672568975	0.117	20.525	6553
,     RUN 5, 	60057.63717145179	0.117	16.325	6644
,     RUN 6, 	61188.24740476075	0.117	22.125	5699
,     RUN 7, 	62541.71704064443	0.117	19.903	6391
,     RUN 8, 	64228.447367638735	0.117	18.865	6199
,     RUN 9, 	59728.42247512255	0.117	19.466	5671
,     RUN 10, 	64471.12374946914	0.118	15.875	6299
,     RUN 11, 	62363.187337761585	0.118	15.918	6012
,     RUN 12, 	63428.17208043901	0.118	17.591	6065
,     RUN 13, 	61205.60980159057	0.118	17.465	5850
,     RUN 14, 	59904.53203359049	0.118	10.507	6637
,     RUN 15, 	61095.52889528747	0.118	17.294	6033
,     RUN 16, 	60104.74540526551	0.119	16.594	5362
][PROBLEM DOMAIN TSP
,   instance 6 
,     RUN 0, 	60376.83859377319	0.115	0.406	0
,     RUN 1, 	61345.509023002036	0.116	19.958	5816
,     RUN 2, 	63812.38363940965	0.116	20.109	5974
,     RUN 3, 	59965.96182532821	0.116	17.905	6143
,     RUN 4, 	63237.74672568975	0.117	20.525	6553
,     RUN 5, 	60057.63717145179	0.117	16.325	6644
,     RUN 6, 	61188.24740476075	0.117	22.125	5699
,     RUN 7, 	62541.71704064443	0.117	19.903	6391
,     RUN 8, 	64228.447367638735	0.117	18.865	6199
,     RUN 9, 	59728.42247512255	0.117	19.466	5671
,     RUN 10, 	64471.12374946914	0.118	15.875	6299
,     RUN 11, 	62363.187337761585	0.118	15.918	6012
,     RUN 12, 	63428.17208043901	0.118	17.591	6065
,     RUN 13, 	61205.60980159057	0.118	17.465	5850
,     RUN 14, 	59904.53203359049	0.118	10.507	6637
,     RUN 15, 	61095.52889528747	0.118	17.294	6033
,     RUN 16, 	60104.74540526551	0.119	16.594	5362
,     RUN 17, 	61171.531557981776	0.119	14.832	6095
][PROBLEM DOMAIN TSP
,   instance 6 
,     RUN 0, 	60376.83859377319	0.115	0.406	0
,     RUN 1, 	61345.509023002036	0.116	19.958	5816
,     RUN 2, 	63812.38363940965	0.116	20.109	5974
,     RUN 3, 	59965.96182532821	0.116	17.905	6143
,     RUN 4, 	63237.74672568975	0.117	20.525	6553
,     RUN 5, 	60057.63717145179	0.117	16.325	6644
,     RUN 6, 	61188.24740476075	0.117	22.125	5699
,     RUN 7, 	62541.71704064443	0.117	19.903	6391
,     RUN 8, 	64228.447367638735	0.117	18.865	6199
,     RUN 9, 	59728.42247512255	0.117	19.466	5671
,     RUN 10, 	64471.12374946914	0.118	15.875	6299
,     RUN 11, 	62363.187337761585	0.118	15.918	6012
,     RUN 12, 	63428.17208043901	0.118	17.591	6065
,     RUN 13, 	61205.60980159057	0.118	17.465	5850
,     RUN 14, 	59904.53203359049	0.118	10.507	6637
,     RUN 15, 	61095.52889528747	0.118	17.294	6033
,     RUN 16, 	60104.74540526551	0.119	16.594	5362
,     RUN 17, 	61171.531557981776	0.119	14.832	6095
,     RUN 18, 	63547.70342418576	0.119	14.073	5826
][PROBLEM DOMAIN TSP
,   instance 6 
,     RUN 0, 	60376.83859377319	0.115	0.406	0
,     RUN 1, 	61345.509023002036	0.116	19.958	5816
,     RUN 2, 	63812.38363940965	0.116	20.109	5974
,     RUN 3, 	59965.96182532821	0.116	17.905	6143
,     RUN 4, 	63237.74672568975	0.117	20.525	6553
,     RUN 5, 	60057.63717145179	0.117	16.325	6644
,     RUN 6, 	61188.24740476075	0.117	22.125	5699
,     RUN 7, 	62541.71704064443	0.117	19.903	6391
,     RUN 8, 	64228.447367638735	0.117	18.865	6199
,     RUN 9, 	59728.42247512255	0.117	19.466	5671
,     RUN 10, 	64471.12374946914	0.118	15.875	6299
,     RUN 11, 	62363.187337761585	0.118	15.918	6012
,     RUN 12, 	63428.17208043901	0.118	17.591	6065
,     RUN 13, 	61205.60980159057	0.118	17.465	5850
,     RUN 14, 	59904.53203359049	0.118	10.507	6637
,     RUN 15, 	61095.52889528747	0.118	17.294	6033
,     RUN 16, 	60104.74540526551	0.119	16.594	5362
,     RUN 17, 	61171.531557981776	0.119	14.832	6095
,     RUN 18, 	63547.70342418576	0.119	14.073	5826
,     RUN 19, 	61491.12906256205	0.119	11.981	6059
][PROBLEM DOMAIN TSP
,   instance 6 
,     RUN 0, 	60376.83859377319	0.115	0.406	0
,     RUN 1, 	61345.509023002036	0.116	19.958	5816
,     RUN 2, 	63812.38363940965	0.116	20.109	5974
,     RUN 3, 	59965.96182532821	0.116	17.905	6143
,     RUN 4, 	63237.74672568975	0.117	20.525	6553
,     RUN 5, 	60057.63717145179	0.117	16.325	6644
,     RUN 6, 	61188.24740476075	0.117	22.125	5699
,     RUN 7, 	62541.71704064443	0.117	19.903	6391
,     RUN 8, 	64228.447367638735	0.117	18.865	6199
,     RUN 9, 	59728.42247512255	0.117	19.466	5671
,     RUN 10, 	64471.12374946914	0.118	15.875	6299
,     RUN 11, 	62363.187337761585	0.118	15.918	6012
,     RUN 12, 	63428.17208043901	0.118	17.591	6065
,     RUN 13, 	61205.60980159057	0.118	17.465	5850
,     RUN 14, 	59904.53203359049	0.118	10.507	6637
,     RUN 15, 	61095.52889528747	0.118	17.294	6033
,     RUN 16, 	60104.74540526551	0.119	16.594	5362
,     RUN 17, 	61171.531557981776	0.119	14.832	6095
,     RUN 18, 	63547.70342418576	0.119	14.073	5826
,     RUN 19, 	61491.12906256205	0.119	11.981	6059
,     RUN 20, 	61291.49191961029	0.119	14.36	5927
][PROBLEM DOMAIN TSP
,   instance 6 
,     RUN 0, 	60376.83859377319	0.115	0.406	0
,     RUN 1, 	61345.509023002036	0.116	19.958	5816
,     RUN 2, 	63812.38363940965	0.116	20.109	5974
,     RUN 3, 	59965.96182532821	0.116	17.905	6143
,     RUN 4, 	63237.74672568975	0.117	20.525	6553
,     RUN 5, 	60057.63717145179	0.117	16.325	6644
,     RUN 6, 	61188.24740476075	0.117	22.125	5699
,     RUN 7, 	62541.71704064443	0.117	19.903	6391
,     RUN 8, 	64228.447367638735	0.117	18.865	6199
,     RUN 9, 	59728.42247512255	0.117	19.466	5671
,     RUN 10, 	64471.12374946914	0.118	15.875	6299
,     RUN 11, 	62363.187337761585	0.118	15.918	6012
,     RUN 12, 	63428.17208043901	0.118	17.591	6065
,     RUN 13, 	61205.60980159057	0.118	17.465	5850
,     RUN 14, 	59904.53203359049	0.118	10.507	6637
,     RUN 15, 	61095.52889528747	0.118	17.294	6033
,     RUN 16, 	60104.74540526551	0.119	16.594	5362
,     RUN 17, 	61171.531557981776	0.119	14.832	6095
,     RUN 18, 	63547.70342418576	0.119	14.073	5826
,     RUN 19, 	61491.12906256205	0.119	11.981	6059
,     RUN 20, 	61291.49191961029	0.119	14.36	5927
,     RUN 21, 	60877.308912273154	0.119	12.66	6039
][PROBLEM DOMAIN TSP
,   instance 6 
,     RUN 0, 	60376.83859377319	0.115	0.406	0
,     RUN 1, 	61345.509023002036	0.116	19.958	5816
,     RUN 2, 	63812.38363940965	0.116	20.109	5974
,     RUN 3, 	59965.96182532821	0.116	17.905	6143
,     RUN 4, 	63237.74672568975	0.117	20.525	6553
,     RUN 5, 	60057.63717145179	0.117	16.325	6644
,     RUN 6, 	61188.24740476075	0.117	22.125	5699
,     RUN 7, 	62541.71704064443	0.117	19.903	6391
,     RUN 8, 	64228.447367638735	0.117	18.865	6199
,     RUN 9, 	59728.42247512255	0.117	19.466	5671
,     RUN 10, 	64471.12374946914	0.118	15.875	6299
,     RUN 11, 	62363.187337761585	0.118	15.918	6012
,     RUN 12, 	63428.17208043901	0.118	17.591	6065
,     RUN 13, 	61205.60980159057	0.118	17.465	5850
,     RUN 14, 	59904.53203359049	0.118	10.507	6637
,     RUN 15, 	61095.52889528747	0.118	17.294	6033
,     RUN 16, 	60104.74540526551	0.119	16.594	5362
,     RUN 17, 	61171.531557981776	0.119	14.832	6095
,     RUN 18, 	63547.70342418576	0.119	14.073	5826
,     RUN 19, 	61491.12906256205	0.119	11.981	6059
,     RUN 20, 	61291.49191961029	0.119	14.36	5927
,     RUN 21, 	60877.308912273154	0.119	12.66	6039
,     RUN 22, 	61245.6100005561	0.12	10.819	6158
][PROBLEM DOMAIN TSP
,   instance 6 
,     RUN 0, 	60376.83859377319	0.115	0.406	0
,     RUN 1, 	61345.509023002036	0.116	19.958	5816
,     RUN 2, 	63812.38363940965	0.116	20.109	5974
,     RUN 3, 	59965.96182532821	0.116	17.905	6143
,     RUN 4, 	63237.74672568975	0.117	20.525	6553
,     RUN 5, 	60057.63717145179	0.117	16.325	6644
,     RUN 6, 	61188.24740476075	0.117	22.125	5699
,     RUN 7, 	62541.71704064443	0.117	19.903	6391
,     RUN 8, 	64228.447367638735	0.117	18.865	6199
,     RUN 9, 	59728.42247512255	0.117	19.466	5671
,     RUN 10, 	64471.12374946914	0.118	15.875	6299
,     RUN 11, 	62363.187337761585	0.118	15.918	6012
,     RUN 12, 	63428.17208043901	0.118	17.591	6065
,     RUN 13, 	61205.60980159057	0.118	17.465	5850
,     RUN 14, 	59904.53203359049	0.118	10.507	6637
,     RUN 15, 	61095.52889528747	0.118	17.294	6033
,     RUN 16, 	60104.74540526551	0.119	16.594	5362
,     RUN 17, 	61171.531557981776	0.119	14.832	6095
,     RUN 18, 	63547.70342418576	0.119	14.073	5826
,     RUN 19, 	61491.12906256205	0.119	11.981	6059
,     RUN 20, 	61291.49191961029	0.119	14.36	5927
,     RUN 21, 	60877.308912273154	0.119	12.66	6039
,     RUN 22, 	61245.6100005561	0.12	10.819	6158
,     RUN 23, 	65198.20650260593	0.12	12.165	5754
][PROBLEM DOMAIN TSP
,   instance 6 
,     RUN 0, 	60376.83859377319	0.115	0.406	0
,     RUN 1, 	61345.509023002036	0.116	19.958	5816
,     RUN 2, 	63812.38363940965	0.116	20.109	5974
,     RUN 3, 	59965.96182532821	0.116	17.905	6143
,     RUN 4, 	63237.74672568975	0.117	20.525	6553
,     RUN 5, 	60057.63717145179	0.117	16.325	6644
,     RUN 6, 	61188.24740476075	0.117	22.125	5699
,     RUN 7, 	62541.71704064443	0.117	19.903	6391
,     RUN 8, 	64228.447367638735	0.117	18.865	6199
,     RUN 9, 	59728.42247512255	0.117	19.466	5671
,     RUN 10, 	64471.12374946914	0.118	15.875	6299
,     RUN 11, 	62363.187337761585	0.118	15.918	6012
,     RUN 12, 	63428.17208043901	0.118	17.591	6065
,     RUN 13, 	61205.60980159057	0.118	17.465	5850
,     RUN 14, 	59904.53203359049	0.118	10.507	6637
,     RUN 15, 	61095.52889528747	0.118	17.294	6033
,     RUN 16, 	60104.74540526551	0.119	16.594	5362
,     RUN 17, 	61171.531557981776	0.119	14.832	6095
,     RUN 18, 	63547.70342418576	0.119	14.073	5826
,     RUN 19, 	61491.12906256205	0.119	11.981	6059
,     RUN 20, 	61291.49191961029	0.119	14.36	5927
,     RUN 21, 	60877.308912273154	0.119	12.66	6039
,     RUN 22, 	61245.6100005561	0.12	10.819	6158
,     RUN 23, 	65198.20650260593	0.12	12.165	5754
,     RUN 24, 	61067.98056044798	0.12	12.426	5760
][PROBLEM DOMAIN TSP
,   instance 6 
,     RUN 0, 	60376.83859377319	0.115	0.406	0
,     RUN 1, 	61345.509023002036	0.116	19.958	5816
,     RUN 2, 	63812.38363940965	0.116	20.109	5974
,     RUN 3, 	59965.96182532821	0.116	17.905	6143
,     RUN 4, 	63237.74672568975	0.117	20.525	6553
,     RUN 5, 	60057.63717145179	0.117	16.325	6644
,     RUN 6, 	61188.24740476075	0.117	22.125	5699
,     RUN 7, 	62541.71704064443	0.117	19.903	6391
,     RUN 8, 	64228.447367638735	0.117	18.865	6199
,     RUN 9, 	59728.42247512255	0.117	19.466	5671
,     RUN 10, 	64471.12374946914	0.118	15.875	6299
,     RUN 11, 	62363.187337761585	0.118	15.918	6012
,     RUN 12, 	63428.17208043901	0.118	17.591	6065
,     RUN 13, 	61205.60980159057	0.118	17.465	5850
,     RUN 14, 	59904.53203359049	0.118	10.507	6637
,     RUN 15, 	61095.52889528747	0.118	17.294	6033
,     RUN 16, 	60104.74540526551	0.119	16.594	5362
,     RUN 17, 	61171.531557981776	0.119	14.832	6095
,     RUN 18, 	63547.70342418576	0.119	14.073	5826
,     RUN 19, 	61491.12906256205	0.119	11.981	6059
,     RUN 20, 	61291.49191961029	0.119	14.36	5927
,     RUN 21, 	60877.308912273154	0.119	12.66	6039
,     RUN 22, 	61245.6100005561	0.12	10.819	6158
,     RUN 23, 	65198.20650260593	0.12	12.165	5754
,     RUN 24, 	61067.98056044798	0.12	12.426	5760
,     RUN 25, 	62212.89429769567	0.12	12.494	6017
][PROBLEM DOMAIN TSP
,   instance 6 
,     RUN 0, 	60376.83859377319	0.115	0.406	0
,     RUN 1, 	61345.509023002036	0.116	19.958	5816
,     RUN 2, 	63812.38363940965	0.116	20.109	5974
,     RUN 3, 	59965.96182532821	0.116	17.905	6143
,     RUN 4, 	63237.74672568975	0.117	20.525	6553
,     RUN 5, 	60057.63717145179	0.117	16.325	6644
,     RUN 6, 	61188.24740476075	0.117	22.125	5699
,     RUN 7, 	62541.71704064443	0.117	19.903	6391
,     RUN 8, 	64228.447367638735	0.117	18.865	6199
,     RUN 9, 	59728.42247512255	0.117	19.466	5671
,     RUN 10, 	64471.12374946914	0.118	15.875	6299
,     RUN 11, 	62363.187337761585	0.118	15.918	6012
,     RUN 12, 	63428.17208043901	0.118	17.591	6065
,     RUN 13, 	61205.60980159057	0.118	17.465	5850
,     RUN 14, 	59904.53203359049	0.118	10.507	6637
,     RUN 15, 	61095.52889528747	0.118	17.294	6033
,     RUN 16, 	60104.74540526551	0.119	16.594	5362
,     RUN 17, 	61171.531557981776	0.119	14.832	6095
,     RUN 18, 	63547.70342418576	0.119	14.073	5826
,     RUN 19, 	61491.12906256205	0.119	11.981	6059
,     RUN 20, 	61291.49191961029	0.119	14.36	5927
,     RUN 21, 	60877.308912273154	0.119	12.66	6039
,     RUN 22, 	61245.6100005561	0.12	10.819	6158
,     RUN 23, 	65198.20650260593	0.12	12.165	5754
,     RUN 24, 	61067.98056044798	0.12	12.426	5760
,     RUN 25, 	62212.89429769567	0.12	12.494	6017
,     RUN 26, 	60771.1785899917	0.12	11.707	6140
][PROBLEM DOMAIN TSP
,   instance 6 
,     RUN 0, 	60376.83859377319	0.115	0.406	0
,     RUN 1, 	61345.509023002036	0.116	19.958	5816
,     RUN 2, 	63812.38363940965	0.116	20.109	5974
,     RUN 3, 	59965.96182532821	0.116	17.905	6143
,     RUN 4, 	63237.74672568975	0.117	20.525	6553
,     RUN 5, 	60057.63717145179	0.117	16.325	6644
,     RUN 6, 	61188.24740476075	0.117	22.125	5699
,     RUN 7, 	62541.71704064443	0.117	19.903	6391
,     RUN 8, 	64228.447367638735	0.117	18.865	6199
,     RUN 9, 	59728.42247512255	0.117	19.466	5671
,     RUN 10, 	64471.12374946914	0.118	15.875	6299
,     RUN 11, 	62363.187337761585	0.118	15.918	6012
,     RUN 12, 	63428.17208043901	0.118	17.591	6065
,     RUN 13, 	61205.60980159057	0.118	17.465	5850
,     RUN 14, 	59904.53203359049	0.118	10.507	6637
,     RUN 15, 	61095.52889528747	0.118	17.294	6033
,     RUN 16, 	60104.74540526551	0.119	16.594	5362
,     RUN 17, 	61171.531557981776	0.119	14.832	6095
,     RUN 18, 	63547.70342418576	0.119	14.073	5826
,     RUN 19, 	61491.12906256205	0.119	11.981	6059
,     RUN 20, 	61291.49191961029	0.119	14.36	5927
,     RUN 21, 	60877.308912273154	0.119	12.66	6039
,     RUN 22, 	61245.6100005561	0.12	10.819	6158
,     RUN 23, 	65198.20650260593	0.12	12.165	5754
,     RUN 24, 	61067.98056044798	0.12	12.426	5760
,     RUN 25, 	62212.89429769567	0.12	12.494	6017
,     RUN 26, 	60771.1785899917	0.12	11.707	6140
,     RUN 27, 	63487.338780268445	0.12	12.432	5969
][PROBLEM DOMAIN TSP
,   instance 6 
,     RUN 0, 	60376.83859377319	0.115	0.406	0
,     RUN 1, 	61345.509023002036	0.116	19.958	5816
,     RUN 2, 	63812.38363940965	0.116	20.109	5974
,     RUN 3, 	59965.96182532821	0.116	17.905	6143
,     RUN 4, 	63237.74672568975	0.117	20.525	6553
,     RUN 5, 	60057.63717145179	0.117	16.325	6644
,     RUN 6, 	61188.24740476075	0.117	22.125	5699
,     RUN 7, 	62541.71704064443	0.117	19.903	6391
,     RUN 8, 	64228.447367638735	0.117	18.865	6199
,     RUN 9, 	59728.42247512255	0.117	19.466	5671
,     RUN 10, 	64471.12374946914	0.118	15.875	6299
,     RUN 11, 	62363.187337761585	0.118	15.918	6012
,     RUN 12, 	63428.17208043901	0.118	17.591	6065
,     RUN 13, 	61205.60980159057	0.118	17.465	5850
,     RUN 14, 	59904.53203359049	0.118	10.507	6637
,     RUN 15, 	61095.52889528747	0.118	17.294	6033
,     RUN 16, 	60104.74540526551	0.119	16.594	5362
,     RUN 17, 	61171.531557981776	0.119	14.832	6095
,     RUN 18, 	63547.70342418576	0.119	14.073	5826
,     RUN 19, 	61491.12906256205	0.119	11.981	6059
,     RUN 20, 	61291.49191961029	0.119	14.36	5927
,     RUN 21, 	60877.308912273154	0.119	12.66	6039
,     RUN 22, 	61245.6100005561	0.12	10.819	6158
,     RUN 23, 	65198.20650260593	0.12	12.165	5754
,     RUN 24, 	61067.98056044798	0.12	12.426	5760
,     RUN 25, 	62212.89429769567	0.12	12.494	6017
,     RUN 26, 	60771.1785899917	0.12	11.707	6140
,     RUN 27, 	63487.338780268445	0.12	12.432	5969
,     RUN 28, 	60592.9684353945	0.121	7.667	6149
][PROBLEM DOMAIN TSP
,   instance 6 
,     RUN 0, 	60376.83859377319	0.115	0.406	0
,     RUN 1, 	61345.509023002036	0.116	19.958	5816
,     RUN 2, 	63812.38363940965	0.116	20.109	5974
,     RUN 3, 	59965.96182532821	0.116	17.905	6143
,     RUN 4, 	63237.74672568975	0.117	20.525	6553
,     RUN 5, 	60057.63717145179	0.117	16.325	6644
,     RUN 6, 	61188.24740476075	0.117	22.125	5699
,     RUN 7, 	62541.71704064443	0.117	19.903	6391
,     RUN 8, 	64228.447367638735	0.117	18.865	6199
,     RUN 9, 	59728.42247512255	0.117	19.466	5671
,     RUN 10, 	64471.12374946914	0.118	15.875	6299
,     RUN 11, 	62363.187337761585	0.118	15.918	6012
,     RUN 12, 	63428.17208043901	0.118	17.591	6065
,     RUN 13, 	61205.60980159057	0.118	17.465	5850
,     RUN 14, 	59904.53203359049	0.118	10.507	6637
,     RUN 15, 	61095.52889528747	0.118	17.294	6033
,     RUN 16, 	60104.74540526551	0.119	16.594	5362
,     RUN 17, 	61171.531557981776	0.119	14.832	6095
,     RUN 18, 	63547.70342418576	0.119	14.073	5826
,     RUN 19, 	61491.12906256205	0.119	11.981	6059
,     RUN 20, 	61291.49191961029	0.119	14.36	5927
,     RUN 21, 	60877.308912273154	0.119	12.66	6039
,     RUN 22, 	61245.6100005561	0.12	10.819	6158
,     RUN 23, 	65198.20650260593	0.12	12.165	5754
,     RUN 24, 	61067.98056044798	0.12	12.426	5760
,     RUN 25, 	62212.89429769567	0.12	12.494	6017
,     RUN 26, 	60771.1785899917	0.12	11.707	6140
,     RUN 27, 	63487.338780268445	0.12	12.432	5969
,     RUN 28, 	60592.9684353945	0.121	7.667	6149
,     RUN 29, 	60612.4769944274	0.121	10.793	5987
][PROBLEM DOMAIN TSP
,   instance 6 
,     RUN 0, 	60376.83859377319	0.115	0.406	0
,     RUN 1, 	61345.509023002036	0.116	19.958	5816
,     RUN 2, 	63812.38363940965	0.116	20.109	5974
,     RUN 3, 	59965.96182532821	0.116	17.905	6143
,     RUN 4, 	63237.74672568975	0.117	20.525	6553
,     RUN 5, 	60057.63717145179	0.117	16.325	6644
,     RUN 6, 	61188.24740476075	0.117	22.125	5699
,     RUN 7, 	62541.71704064443	0.117	19.903	6391
,     RUN 8, 	64228.447367638735	0.117	18.865	6199
,     RUN 9, 	59728.42247512255	0.117	19.466	5671
,     RUN 10, 	64471.12374946914	0.118	15.875	6299
,     RUN 11, 	62363.187337761585	0.118	15.918	6012
,     RUN 12, 	63428.17208043901	0.118	17.591	6065
,     RUN 13, 	61205.60980159057	0.118	17.465	5850
,     RUN 14, 	59904.53203359049	0.118	10.507	6637
,     RUN 15, 	61095.52889528747	0.118	17.294	6033
,     RUN 16, 	60104.74540526551	0.119	16.594	5362
,     RUN 17, 	61171.531557981776	0.119	14.832	6095
,     RUN 18, 	63547.70342418576	0.119	14.073	5826
,     RUN 19, 	61491.12906256205	0.119	11.981	6059
,     RUN 20, 	61291.49191961029	0.119	14.36	5927
,     RUN 21, 	60877.308912273154	0.119	12.66	6039
,     RUN 22, 	61245.6100005561	0.12	10.819	6158
,     RUN 23, 	65198.20650260593	0.12	12.165	5754
,     RUN 24, 	61067.98056044798	0.12	12.426	5760
,     RUN 25, 	62212.89429769567	0.12	12.494	6017
,     RUN 26, 	60771.1785899917	0.12	11.707	6140
,     RUN 27, 	63487.338780268445	0.12	12.432	5969
,     RUN 28, 	60592.9684353945	0.121	7.667	6149
,     RUN 29, 	60612.4769944274	0.121	10.793	5987
,     RUN 30, 	62112.06483618719	0.121	12.642	5803
]