0.1277688888888867 
0.1294461094461068 
0.12896694416694054 
0.12915875235874974 
0.12748924444444243 
0.12792542222221992 
0.12928937728937528 
0.13067571523619337 
0.1291595515595485 
0.12757839999999798 
0.12780595555555407 
0.1310656021290728 
0.12953091353091228 
0.13070153027278508 
0.12955826395826187 
0.1280934222222201 
0.13056881791971353 
0.12936832056831893 
0.12912776112775948 
0.12748533333333112 
0.12834426666666487 
0.1309184298070506 
0.1322451312728461 
0.12917074037073872 
0.13074526502550132 
0.1279380444444419 
0.12951874791874618 
0.12946573426573305 
0.1277503999999977 
0.13080736305167184 
0.1308929696163207 
