0.08802300653594808 
0.0933078768909752 
0.09626333593546743 
0.08923273202614435 
0.09246551904016775 
0.09652313296903481 
0.09346353677621355 
0.0962754098360653 
0.08921139869281036 
0.08792658823529431 
0.08827816993464155 
0.09197516953573281 
0.08475115303983272 
0.08492935010482172 
0.09336984872196152 
0.08489853249475854 
0.09636991933385419 
0.08495932914046145 
0.08847016993464052 
0.0882624836601309 
0.09213270735524393 
0.08872491503267999 
0.09681082487639991 
0.09214063641105896 
0.08910870588235287 
0.09289973917579553 
0.09694946656258219 
0.09244840897235251 
0.09275555555555592 
0.09664699453551939 
0.08459685534591133 
